1|Hello
1|Hi
1|Xin chào
1|Tôi cần hỗ trợ
1|Tôi cần tư vấn
1|Greetings
1|Tôi đang cần lời khuyên
1|Tôi muốn được tư vấn
2|Các mẫu điện thoại nổi bật và tốt nhất hiện nay?
2|Các loại điện thoại được người dùng ưa chuộng hiện nay?
2|Các mẫu điện thoại nổi bật theo phân khúc hiện nay?
2|Hiện nay, những dòng điện thoại nào đang được ưa chuộng nhất?
2|Liệt kê một số thương hiệu điện thoại nổi tiếng được nhiều người tin dùng?
2|Nên mua điện thoại của thương hiệu nào uy tín?
2|Theo bạn, đâu là chiếc điện thoại tốt và nổi bật nhất hiện nay?
2|Chiếc điện thoại tốt và nổi bật nhất hiện nay?
2|Liệt kê một số thương hiệu điện thoại nổi tiếng được nhiều người tin dùng?
2|Các mẫu điện thoại thu hút người dùng?
2|Liệt kê một số dòng điện thoại đang được ưa chuộng nhất hiện nay?
2|Những mẫu điện thoại nào có sức hút lớn nhất đối với người dùng hiện nay?
2|Các loại điện thoại nổi bật hiện nay?
3|Những mẫu điện thoại nào được đánh giá cao về thiết kế và chất lượng hoàn thiện và là phân khúc cao cấp?
3|Điện thoại nào có màn hình đẹp nhất và công nghệ hiển thị tiên tiến nhất?
3|Đâu là những điểm nổi bật của các dòng điện thoại phân khúc cao cấp mới ra mắt?
3|Mẫu điện thoại nào tốt nhất trong phân khúc cao cấp hiện nay?
3|Phân khúc điện thoại cao cấp hiện nay có những mẫu máy nào nổi bật?
3|Điện thoại cao cấp nào đáng mua nhất hiện nay?
3|Những mẫu smartphone flagship nào đang được ưa chuộng nhất hiện nay?
3|Những chiếc điện thoại nào có hiệu năng mạnh mẽ nhất hiện nay nằm trong phân khúc cao cấp?
3|Những chiếc điện thoại nào có thiết kế sang trọng và đẳng cấp nhất ở phân khúc cao cấp?
3|Đâu là những chiếc điện thoại cao cấp đáng mua nhất trong phân khúc cao cấp?
3|Những chiếc điện thoại nào có giá thành hợp lý nhất trong phân khúc cao cấp?
3|Những mẫu điện thoại nào đang dẫn đầu xu hướng công nghệ trong phân khúc cao cấp?
3|Những mẫu điện thoại nào mang lại trải nghiệm người dùng tốt nhất trong phân khúc cao cấp?
3|Những mẫu điện thoại flagship nào đang làm mưa làm gió trên thị trường tại phân khúc cao cấp?
3|Top những chiếc điện thoại cao cấp được đánh giá cao nhất hiện nay trên thị trường Việt Nam là gì?
4|Đâu là những mẫu điện thoại tầm trung đáng mua nhất hiện nay?
4|Những mẫu điện thoại tầm trung nào có hiệu năng tốt nhất hiện nay?
4|Những mẫu điện thoại tầm trung nào có thiết kế đẹp và sang trọng?
4|Thương hiệu và mẫu mã nào đang dẫn đầu trong phân khúc điện thoại tầm trung?
4|Những mẫu điện thoại tầm trung nào có thiết kế độc đáo và khác biệt?
4|Phân khúc điện thoại tầm trung hiện nay có những mẫu máy nào nổi bật?
4|Điện thoại tầm trung nào đáng mua nhất hiện nay?
4|Các mẫu điện thoại tầm trung nào đang được ưa chuộng hiện nay?
4|Những mẫu điện thoại tầm trung nào đang hot nhất hiện nay?
4|Các mẫu điện thoại tầm trung nào đang thu hút sự chú ý của người dùng?
4|Những mẫu điện thoại tầm trung nào được đánh giá cao hiện nay?
4|Các mẫu điện thoại tầm trung nào đang dẫn đầu thị trường?
4|Các mẫu điện thoại tầm trung nào có tính năng nổi bật nhất?
4|Những mẫu điện thoại tầm trung nào có thiết kế đẹp mắt nhất?
4|Các mẫu điện thoại tầm trung nào có hiệu năng mạnh mẽ nhất?
4|Những chiếc điện thoại tầm trung nào đang ""làm mưa làm gió"" trên thị trường?
4|Những chiếc smartphone nào đang dẫn đầu xu hướng trong phân khúc tầm trung?
4|Đâu là những mẫu điện thoại tầm trung được người dùng đánh giá cao nhất?
4|Những mẫu điện thoại nào đang được ưa chuộng trong phân khúc tầm trung?
4|Đâu là những mẫu điện thoại tầm trung hot nhất hiện nay?
5|Đâu là những mẫu điện thoại giá rẻ đáng mua nhất hiện nay?
5|Những mẫu điện thoại giá rẻ nào có hiệu năng tốt nhất trong tầm giá?
5|Những mẫu điện thoại giá rẻ nào có thiết kế đẹp và thời trang?
5|Thương hiệu nào đang dẫn đầu trong phân khúc điện thoại giá rẻ?
5|Những tính năng nổi bật nào thường có ở các mẫu điện thoại giá rẻ hiện nay?
5|Phân khúc điện thoại giá rẻ hiện nay có những mẫu máy nào nổi bật?
5|Điện thoại giá rẻ nào đáng mua nhất hiện nay?
5|Những mẫu điện thoại giá rẻ nào đáng mua nhất hiện nay?
5|Các mẫu smartphone giá rẻ nào đang hot nhất hiện nay?
5|Những chiếc điện thoại giá rẻ nào đang làm mưa làm gió trên thị trường?
5|Đâu là những mẫu điện thoại giá rẻ được ưa chuộng nhất hiện nay?
5|Những chiếc smartphone giá rẻ nào đang thu hút sự chú ý của người dùng?
5|Các mẫu điện thoại giá rẻ nào được đánh giá cao nhất hiện nay?
5|Các mẫu điện thoại giá rẻ nào được đánh giá cao nhất hiện nay?
5|Đâu là những mẫu điện thoại giá rẻ có hiệu năng tốt nhất?
5|Đâu là những mẫu điện thoại giá rẻ có hiệu năng tốt nhất?
5|Những chiếc smartphone giá rẻ nào có giá thành hấp dẫn nhất?
5|Các mẫu điện thoại giá rẻ nào phù hợp với học sinh, sinh viên?
5|Các mẫu điện thoại giá rẻ nào được đánh giá là có chất lượng hoàn thiện tốt?
6|Các mẫu điện thoại iPhone nổi bật hiện nay?
6|Điện thoại của Apple có những dòng nào đang được ưa chuộng?
6|Apple mới ra mắt điện thoại gì?
6|Apple mới ra mắt mẫu điện thoại nào?
6|Điện thoại nào của Apple là được ưa chuộng?
6|Điện thoại của hãng Apple đáng mua hiện tại là gì?
6|Các mẫu điện thoại nào của Apple đang ""làm mưa làm gió"" trên thị trường?
6|Các mẫu điện thoại của hãng Apple đang được ưa chuộng là gì?
6|Những mẫu điện thoại của hãng Apple nào đang hot nhất hiện nay?
6|Các mẫu điện thoại của hãng Apple nào đang thu hút sự chú ý của người dùng?
6|Những mẫu điện thoại của hãng Apple nào được đánh giá cao hiện nay?
6|Các mẫu điện thoại nào của hãng Apple đang nổi bật tại thị trường Việt Nam?
6|Người dùng Việt Nam đang sử dụng và mua những mẫu điện thoại nào của hãng Apple nhiều?
6|Những chiếc điện thoại tốt của hãng Apple hiện nay?
6|Đâu là những chiếc iPhone tốt nhất để mua trong năm nay?
6|Đâu là những chiếc điện thoại của hãng Apple tốt nhất để mua trong năm nay?
6|Những chiếc điện thoại Apple nào có hiệu năng tốt nhất hiện nay?
6|Điện thoại của Apple có những dòng nào đang dẫn đầu thị trường?
6|Các dòng điện thoại của Apple nào đang hot nhất hiện nay?
6|Những dòng điện thoại nào của Apple đang được yêu thích?
7|Các mẫu điện thoại Samsung nổi bật hiện nay?
7|Samsung có những dòng điện thoại nào đang được ưa chuộng?
7|Samsung mới ra mắt điện thoại gì?
7|Điện thoại nào của Samsung là được ưa chuộng?
7|Điện thoại Samsung đáng mua hiện tại là gì?
7|Các mẫu điện thoại nào của Samsung đang ""làm mưa làm gió"" trên thị trường?
7|Các mẫu điện thoại của hãng Samsung đang được ưa chuộng là gì?
7|Những mẫu điện thoại của hãng Samsung nào đang hot nhất hiện nay?
7|Các mẫu điện thoại của hãng Samsung nào đang thu hút sự chú ý của người dùng?
7|Những mẫu điện thoại của hãng Samsung nào được đánh giá cao hiện nay?
7|Các mẫu điện thoại nào của hãng Samsung đang nổi bật tại thị trường Việt Nam?
7|Người dùng Việt Nam đang sử dụng và mua những mẫu điện thoại nào của hãng Samsung nhiều?
7|Những chiếc điện thoại tốt của hãng Samsung hiện nay?
7|Đâu là những chiếc Samsung Galaxy tốt nhất để mua trong năm nay?
7|Đâu là những chiếc điện thoại của hãng Samsung tốt nhất để mua trong năm nay?
7|Những chiếc điện thoại Samsung nào có hiệu năng tốt nhất hiện nay?
7|Điện thoại của Samsung có những dòng nào đang dẫn đầu thị trường?
7|Các dòng điện thoại của Samsung nào đang hot nhất hiện nay?
7|Những dòng điện thoại nào của Samsung đang được yêu thích?
8|Xiaomi có những dòng điện thoại nào đang được ưa chuộng?
8|Xiaomi mới ra mắt điện thoại gì?
8|Xiaomi mới ra mắt mẫu điện thoại nào?
8|Điện thoại nào của Xiaomi là được ưa chuộng?
8|Điện thoại Xiaomi đáng mua nhất hiện tại là gì?
8|Các mẫu điện thoại nào của Xiaomi đang ""làm mưa làm gió"" trên thị trường?
8|Các mẫu điện thoại của hãng Xiaomi đang được ưa chuộng là gì?
8|Những mẫu điện thoại của hãng Xiaomi nào đang hot nhất hiện nay?
8|Các mẫu điện thoại của hãng Xiaomi nào đang thu hút sự chú ý của người dùng?
8|Những mẫu điện thoại của hãng Xiaomi nào được đánh giá cao hiện nay?
8|Các mẫu điện thoại nào của hãng Xiaomi đang nổi bật tại thị trường Việt Nam?
8|Người dùng Việt Nam đang sử dụng và mua những mẫu điện thoại nào của hãng Xiaomi nhiều?
8|Những chiếc điện thoại tốt của hãng Xiaomi hiện nay?
8|Đâu là những chiếc điện thoại Xiaomi tốt nhất để mua trong năm nay?
8|Đâu là những chiếc điện thoại của hãng Xiaomi tốt nhất để mua trong năm nay?
8|Những chiếc điện thoại Xiaomi nào có hiệu năng tốt nhất hiện nay?
8|Điện thoại của Xiaomi có những dòng nào đang dẫn đầu thị trường?
8|Các dòng điện thoại của Xiaomi nào đang hot nhất hiện nay?
8|Những dòng điện thoại nào của Xiaomi đang được yêu thích?
9|Google có những dòng điện thoại nào đang được ưa chuộng?
9|Google mới ra mắt điện thoại gì?
9|Google mới ra mắt mẫu điện thoại nào?
9|Điện thoại nào của Google là được ưa chuộng?
9|Điện thoại Google đáng mua nhất hiện tại là gì?
9|Các mẫu điện thoại nào của Google đang ""làm mưa làm gió"" trên thị trường?
9|Các mẫu điện thoại của hãng Google đang được ưa chuộng là gì?
9|Những mẫu điện thoại của hãng Google nào đang hot nhất hiện nay?
9|Các mẫu điện thoại của hãng Google nào đang thu hút sự chú ý của người dùng?
9|Những mẫu điện thoại của hãng Google nào được đánh giá cao hiện nay?
9|Các mẫu điện thoại nào của hãng Google đang nổi bật tại thị trường Việt Nam?
9|Người dùng Việt Nam đang sử dụng và mua những mẫu điện thoại nào của hãng Google nhiều?
9|Những chiếc điện thoại tốt của hãng Google hiện nay?
9|Đâu là những chiếc điện thoại Google tốt nhất để mua trong năm nay?
9|Đâu là những chiếc điện thoại của hãng Google tốt nhất để mua trong năm nay?
9|Những chiếc điện thoại Google nào có hiệu năng tốt nhất hiện nay?
9|Điện thoại của Xiaomi có những dòng nào đang dẫn đầu thị trường?
9|Các dòng điện thoại của Google nào đang hot nhất hiện nay?
9|Những dòng điện thoại nào của Google đang được yêu thích?
10|Các mẫu máy tính bảng tốt nhất hiện nay?
10|Hiện nay, những dòng máy tính bảng nào đang được ưa chuộng nhất?
10|Các mẫu máy tính bảng nổi bật theo phân khúc hiện nay?
10|Các loại máy tính bảng nổi bật hiện nay?
10|Đâu là những dòng máy tính bảng có hiệu năng tốt nhất hiện nay?
10|Các dòng máy tính bảng nào có giá thành hợp lý nhất hiện nay?
10|Những mẫu máy tính bảng nào được người dùng đánh giá là đáng tiền nhất?
10|Liệt kê một số thương hiệu máy tính bảng nổi tiếng được nhiều người tin dùng.
10|Những mẫu máy tính bảng nào được các chuyên gia công nghệ đánh giá cao?
10|Nên mua máy tính bảng của thương hiệu nào uy tín?
10|Theo bạn, đâu là máy tính bảng tốt và nổi bật nhất hiện nay?
10|Máy tính bảng tốt và nổi bật nhất hiện nay?
10|Liệt kê một số thương hiệu máy tính bảng nổi tiếng được nhiều người tin dùng.
10|Các mẫu máy tính bảng thu hút người dùng?
10|Liệt kê một số dòng máy tính bảng đang được ưa chuộng nhất hiện nay.
10|Đâu là những dòng máy tính bảng đáng mua nhất hiện nay?
10|Những mẫu máy tính bảng nào đang thu hút sự quan tâm của người tiêu dùng?
10|Các dòng máy tính bảng nào đang được đánh giá cao nhất hiện nay?
10|Những dòng máy tính bảng nào hiện đang phổ biến nhất trên thị trường?
10|Các dòng máy tính bảng nào đang được người dùng yêu thích nhất hiện nay?
11|Phân khúc máy tính bảng cao cấp hiện nay có những mẫu máy nào nổi bật?
11|Máy tính bảng cao cấp nào đáng mua nhất hiện nay?
11|Những mẫu máy tính bảng cao cấp nào đang được ưa chuộng nhất hiện nay?
11|Các mẫu máy tính bảng tablet cao cấp nào đang hot nhất trên thị trường?
11|Những chiếc máy tính bảng cao cấp nào đang làm mưa làm gió trên thị trường?
11|Đâu là những mẫu máy tính bảng cao cấp đáng mua nhất hiện nay?
11|Những mẫu máy tính bảng nào đang dẫn đầu phân khúc cao cấp hiện nay?
11|Máy tính bảng cao cấp nào đáng chú ý nhất trên thị trường hiện tại?
11|Đâu là những lựa chọn hàng đầu cho người dùng muốn mua máy tính bảng cao cấp?
11|Những mẫu máy tính bảng nào được đánh giá cao nhất trong phân khúc cao cấp?
11|Các thương hiệu nào đang cung cấp những mẫu máy tính bảng cao cấp ấn tượng nhất?
11|Thị trường máy tính bảng cao cấp hiện nay có những sản phẩm nào nổi bật?
11|Những mẫu máy tính bảng nào đang thu hút sự quan tâm của người dùng trong phân khúc cao cấp?
11|Đâu là những cái tên nổi bật trong danh sách máy tính bảng cao cấp đáng mua?
11|Những mẫu máy tính bảng nào được xem là phân khúc cao cấp ""flagship"" trong năm nay?
11|Các chuyên gia công nghệ đánh giá cao những mẫu máy tính bảng nào trong phân khúc cao cấp?
11|Đâu là lựa chọn máy tính bảng phân khúc cao cấp hàng đầu cho người dùng chuyên nghiệp?
11|Đâu là lựa chọn máy tính bảng hàng đầu cho người dùng chuyên nghiệp?
11|Các chuyên gia công nghệ đánh giá máy tính bảng nào cao nhất hiện nay?
11|Đâu là máy tính bảng được người dùng đánh giá cao nhất hiện nay?
11|Đâu là máy tính bảng cao cấp đáng mua nhất trong tầm giá trên 20 triệu?
11|Đâu là máy tính bảng cao cấp có giá cả hợp lý nhất hiện nay?
12|Phân khúc máy tính bảng tầm trung hiện nay có những mẫu máy nào nổi bật?
12|máy tính bảng tầm trung nào đáng mua nhất hiện nay?
12|Máy tính bảng tầm trung nào có hiệu năng tốt nhất hiện nay?
12|Máy tính bảng tầm trung nào được người dùng yêu thích nhất hiện nay?
12|Máy tính bảng tầm trung nào có giá cả hợp lý nhất hiện nay?
12|Máy tính bảng tầm trung nào đáng mua nhất trong phân khúc giá từ 10 đến 20 triệu?
12|Máy tính bảng tầm trung nào đáng để đầu tư nhất hiện nay?
12|Các mẫu máy tính bảng tầm trung đáng chú ý hiện nay là gì?
12|Các mẫu máy tính bảng tầm trung tốt nhất hiện nay là gì?
12|Các mẫu máy tính bảng tầm trung đáng quan tâm nhất hiện nay là gì?
12|Các mẫu máy tính bảng tầm trung đáng để mắt nhất hiện nay là gì?
12|Các mẫu máy tính bảng tầm trung đáng để lựa chọn nhất hiện nay là gì?
12|Các mẫu máy tính bảng tầm trung đáng để sở hữu nhất hiện nay là gì?
12|Các mẫu máy tính bảng tầm trung đáng để trải nghiệm nhất hiện nay là gì?
12|Các mẫu máy tính bảng tầm trung đáng để cân nhắc nhất hiện nay là gì?
12|Các mẫu máy tính bảng tầm trung đáng để tham khảo nhất hiện nay là gì?
12|Các mẫu máy tính bảng tầm trung đáng để tìm hiểu nhất hiện nay là gì?
12|Các mẫu máy tính bảng tầm trung nào đang là lựa chọn hàng đầu của người tiêu dùng hiện nay?
12|Các mẫu máy tính bảng tầm trung nào đang là tâm điểm chú ý của thị trường hiện nay?
12|Các mẫu máy tính bảng tầm trung nào đang là sản phẩm công nghệ đáng trải nghiệm nhất hiện nay?
12|Các mẫu máy tính bảng tầm trung được ưa chuộng nhất hiện nay là gì?
12|Các mẫu máy tính bảng tầm trung bán chạy nhất hiện nay là gì?
13|Phân khúc máy tính bảng giá rẻ hiện nay có những mẫu máy nào nổi bật?
13|máy tính bảng giá rẻ nào đáng mua nhất hiện nay?
13|Các mẫu máy tính bảng phân khúc giá rẻ nổi bật hiện nay?
13|Các mẫu máy tính bảng giá rẻ nào đang được ưa chuộng hiện nay?
13|Những mẫu máy tính bảng giá rẻ nào đang hot nhất hiện nay?
13|Những chiếc máy tính bảng giá rẻ nào đáng mua nhất hiện nay?
13|Những dòng máy tính bảng giá rẻ nào đang làm mưa làm gió trên thị trường?
13|Những sản phẩm máy tính bảng giá rẻ nào đang được săn đón nhiều nhất?
13|Những mẫu máy tính bảng giá rẻ nào đang được đánh giá cao?
13|Những chiếc máy tính bảng giá rẻ nào có hiệu năng tốt nhất?
13|Những dòng máy tính bảng giá rẻ nào có thiết kế đẹp mắt?
13|Những chiếc máy tính bảng giá rẻ nào phù hợp cho học sinh, sinh viên?
13|Những mẫu máy tính bảng giá rẻ nào có thương hiệu uy tín?
13|Những sản phẩm máy tính bảng giá rẻ nào được người dùng yêu thích nhất?
13|Những sản phẩm máy tính bảng giá rẻ nào có thể giúp tiết kiệm chi phí?
13|Những mẫu máy tính bảng giá rẻ nào có thể là lựa chọn tốt nhất?
13|Bạn có thể giới thiệu cho tôi một số mẫu máy tính bảng giá rẻ nhưng chất lượng không hề rẻ không?
13|Hiện nay có những dòng máy tính bảng giá rẻ nào đáng để đầu tư nhất?
13|Máy tính bảng nào có giá cả phải chăng mà vẫn đáng mua nhất hiện nay?
13|Tôi đang tìm một chiếc máy tính bảng giá rẻ, bạn có thể gợi ý cho tôi một số lựa chọn tốt nhất không?
13|Đâu là những thương hiệu máy tính bảng giá rẻ mà chất lượng được đánh giá cao hiện nay?
14|Các mẫu máy tính bảng iPad nổi bật hiện nay?
14|máy tính bảng của Apple có những dòng nào đang được ưa chuộng?
14|iPad có những dòng nào đang được ưa chuộng?
14|Apple mới ra mắt máy tính bảng gì?
14|Apple mới ra mắt mẫu máy tính bảng nào?
14|Apple mới ra mắt mẫu iPad nào?
14|máy tính bảng nào của Apple là được ưa chuộng?
14|máy tính bảng của hãng Apple đáng mua hiện tại là gì?
14|máy tính bảng iPad đáng mua hiện tại là gì?
14|Những chiếc iPad nào đang được ưa chuộng nhất hiện nay?
14|iPad nào của Apple đang là sản phẩm hot trên thị trường?
14|Apple hiện có những mẫu iPad nào đáng chú ý?
14|Đâu là những mẫu máy tính bảng iPad mới nhất của Apple?
14|Các mẫu iPad nào của Apple đang dẫn đầu xu hướng?
14|Apple đang có những mẫu iPad nào nổi bật trên thị trường?
14|Những chiếc iPad nào của Apple đang thu hút sự quan tâm của người dùng?
14|Hiện nay, những mẫu iPad nào của Apple được đánh giá cao?
14|Những mẫu iPad nào của Apple đang được săn đón nhiều nhất?
14|iPad nào của Apple đang gây sốt trên thị trường công nghệ?
14|Những mẫu iPad nào của Apple đang làm mưa làm gió?
14|Những mẫu iPad nào của Apple đang được nhiều người quan tâm nhất?
14|Đâu là những mẫu iPad mới nhất và tốt nhất của Apple?
14|Apple có những mẫu iPad nào đang ""hot"" hiện nay?
14|Những mẫu iPad nào của Apple đang được đánh giá là tốt nhất?
14|Những mẫu iPad nào của Apple đang được người dùng yêu thích nhất?
14|Những mẫu iPad nào của Apple đang là xu hướng hiện nay?
14|Những mẫu iPad nào của Apple đang được ưa chuộng trên thị trường?
14|Apple có những mẫu iPad nào đang ""làm mưa làm gió""?
14|Những mẫu iPad nào của Apple đang nhận được nhiều sự chú ý?
14|Những mẫu iPad nào của Apple đang được coi là ""đỉnh"" nhất?
14|Những mẫu iPad nào của Apple đang được người dùng tìm kiếm nhiều nhất?
15|Các mẫu máy tính bảng Samsung nổi bật hiện nay?
15|Samsung có những dòng máy tính bảng nào đang được ưa chuộng?
15|Samsung mới ra mắt máy tính bảng gì?
15|máy tính bảng nào của Samsung là được ưa chuộng?
15|máy tính bảng Samsung đáng mua hiện tại là gì?
15|Những máy tính bảng Samsung nào đang được ưa chuộng nhất hiện nay?
15|Máy tính bảng Samsung nào đang ""hot"" trên thị trường?
15|Samsung có những mẫu máy tính bảng nào đáng chú ý nhất hiện tại?
15|Đâu là những lựa chọn máy tính bảng Samsung hàng đầu hiện nay?
15|Những mẫu máy tính bảng Samsung nào đang dẫn đầu xu hướng?
15|Máy tính bảng Samsung nào đang được đánh giá cao nhất?
15|Những mẫu máy tính bảng Samsung nào được người dùng yêu thích nhất?
15|Samsung có những mẫu máy tính bảng nào nổi trội trên thị trường?
15|Đâu là những chiếc máy tính bảng Samsung tốt nhất hiện có?
15|Những mẫu máy tính bảng Samsung nào đang thu hút sự chú ý của người dùng?
15|Máy tính bảng Samsung nào đang làm mưa làm gió trên thị trường?
15|Samsung có những mẫu máy tính bảng nào đáng để đầu tư?
15|Những mẫu máy tính bảng Samsung nào đang được săn đón nhiều nhất?
15|Đâu là những lựa chọn máy tính bảng Samsung không thể bỏ qua?
15|Những mẫu máy tính bảng Samsung nào đang gây sốt hiện nay?
15|Máy tính bảng Samsung nào đang là xu hướng mới nhất?
15|Samsung có những mẫu máy tính bảng nào đáng mua nhất?
15|Đâu là những chiếc máy tính bảng Samsung đáng giá nhất hiện nay?
15|Những mẫu máy tính bảng Samsung nào đang được người dùng quan tâm?
15|Máy tính bảng Samsung nào đang được xem là tốt nhất?
15|Samsung có những mẫu máy tính bảng nào đáng để trải nghiệm?
15|Những mẫu máy tính bảng Samsung nào đang được ưa chuộng bởi người dùng?
15|Samsung có những mẫu máy tính bảng nào phù hợp với xu hướng hiện đại?
15|Samsung có những mẫu máy tính bảng nào đáng để sở hữu?
16|Xiaomi có những dòng máy tính bảng nào đang được ưa chuộng?
16|Xiaomi mới ra mắt máy tính bảng gì?
16|Xiaomi mới ra mắt mẫu máy tính bảng nào?
16|Máy tính bảng nào của Xiaomi là được ưa chuộng?
16|Máy tính bảng Xiaomi đáng mua nhất hiện tại là gì?
16|Máy tính bảng Xiaomi nào đang được ưa chuộng nhất hiện nay?
16|Đâu là mẫu máy tính bảng Xiaomi phổ biến nhất trên thị trường?
16|Người dùng yêu thích nhất dòng máy tính bảng nào của Xiaomi?
16|Máy tính bảng Xiaomi nào được đánh giá cao và bán chạy?
16|Bạn có thể gợi ý cho tôi một chiếc máy tính bảng Xiaomi được nhiều người lựa chọn không?
16|Mọi người thường mua máy tính bảng Xiaomi nào nhất?
16|Đâu là sự lựa chọn hàng đầu của người dùng khi nhắc đến máy tính bảng Xiaomi?
16|Bạn có biết máy tính bảng Xiaomi nào đang ""hot"" nhất không?
16|Theo bạn, máy tính bảng Xiaomi nào đáng mua nhất hiện nay?
16|Tôi đang tìm một chiếc máy tính bảng Xiaomi được nhiều người tin dùng, bạn có gợi ý nào không?
16|Nếu phải chọn một chiếc máy tính bảng Xiaomi, bạn sẽ chọn mẫu nào?
16|Trong số các dòng máy tính bảng Xiaomi, đâu là sản phẩm được ưa chuộng nhất?
16|Máy tính bảng Xiaomi nào được đánh giá là tốt nhất hiện nay?
16|Bạn có thể giới thiệu cho tôi một chiếc máy tính bảng Xiaomi được nhiều người yêu thích không?
16|Tôi muốn mua một chiếc máy tính bảng Xiaomi, bạn có thể tư vấn cho tôi mẫu nào đang được ưa chuộng không?
16|Máy tính bảng Xiaomi nào đang là xu hướng hiện nay?
16|Nếu bạn là một fan của Xiaomi, bạn sẽ chọn máy tính bảng nào của hãng?
16|Đâu là chiếc máy tính bảng Xiaomi được đánh giá cao về cả thiết kế và hiệu năng?
16|Tôi đang phân vân không biết nên chọn máy tính bảng Xiaomi nào, bạn có thể giúp tôi được không?
16|Tôi muốn biết thêm về các tính năng nổi bật của những chiếc máy tính bảng Xiaomi được yêu thích nhất hiện nay.
16|Bạn có thể liệt kê cho tôi một vài mẫu máy tính bảng Xiaomi đang được nhiều người quan tâm không?
17|Lenovo có những dòng máy tính bảng nào đang được ưa chuộng?
17|Lenovo mới ra mắt máy tính bảng gì?
17|Lenovo mới ra mắt mẫu máy tính bảng nào?
17|Máy tính bảng nào của Lenovo là được ưa chuộng?
17|Máy tính bảng Lenovo đáng mua nhất hiện tại là gì?
17|Những mẫu máy tính bảng Lenovo nào đang phổ biến nhất hiện nay?
17|Đâu là những dòng máy tính bảng Lenovo được người dùng yêu thích?
17|Các dòng máy tính bảng Lenovo nào đang thịnh hành trên thị trường?
17|Lenovo có những sản phẩm máy tính bảng nào đang hot nhất?
17|Đâu là những chiếc máy tính bảng Lenovo đang được ưa chuộng?
17|Người dùng đang quan tâm đến những dòng máy tính bảng nào của Lenovo?
17|Những mẫu máy tính bảng nào của Lenovo đang được đánh giá cao?
17|Lenovo có những sản phẩm máy tính bảng nào đáng mua nhất hiện nay?
17|Các dòng máy tính bảng Lenovo nào đang bán chạy nhất?
17|Đâu là những lựa chọn máy tính bảng Lenovo tốt nhất hiện nay?
17|Những mẫu máy tính bảng Lenovo nào đang được người dùng săn đón?
17|Lenovo có những sản phẩm máy tính bảng nào đáng chú ý nhất?
17|Các dòng máy tính bảng Lenovo nào đang được đánh giá là tốt nhất?
17|Đâu là những chiếc máy tính bảng Lenovo đáng sở hữu nhất hiện nay?
17|Người dùng đang tìm kiếm những dòng máy tính bảng nào của Lenovo?
17|Những mẫu máy tính bảng nào của Lenovo đang gây sốt trên thị trường?
17|Lenovo có những sản phẩm máy tính bảng nào đang được mong đợi nhất?
17|Các dòng máy tính bảng Lenovo nào đang được xem là xu hướng?
17|Đâu là những chiếc máy tính bảng Lenovo có sức hút nhất hiện nay?
17|Người dùng đang chú ý đến những dòng máy tính bảng nào của Lenovo?
17|Những mẫu máy tính bảng nào của Lenovo đang làm mưa làm gió?
17|Lenovo có những sản phẩm máy tính bảng nào đang được săn lùng?
17|Các dòng máy tính bảng Lenovo nào đang được coi là hàng đầu?
17|Đâu là những chiếc máy tính bảng Lenovo đáng để đầu tư nhất?
17|Người dùng đang muốn sở hữu những dòng máy tính bảng nào của Lenovo?
17|Những mẫu máy tính bảng nào của Lenovo đang được khen ngợi?
17|Lenovo có những sản phẩm máy tính bảng nào đáng để trải nghiệm?
17|Các dòng máy tính bảng Lenovo nào đang được đánh giá là đáng tiền?
17|Đâu là những chiếc máy tính bảng Lenovo được ưa thích nhất hiện nay?
17|Người dùng đang quan tâm đến những sản phẩm máy tính bảng nào của Lenovo?
17|Những mẫu máy tính bảng nào của Lenovo đang được săn đón nhiều nhất?
17|Lenovo có những sản phẩm máy tính bảng nào đang gây ấn tượng mạnh?
17|Các dòng máy tính bảng Lenovo nào đang được đánh giá là chất lượng?
17|Đâu là những chiếc máy tính bảng Lenovo đáng để cân nhắc nhất?
17|Người dùng đang mong muốn sở hữu những dòng máy tính bảng nào của Lenovo?
17|Những mẫu máy tính bảng nào của Lenovo đang được ưa chuộng nhất trên thị trường?
17|Lenovo có những sản phẩm máy tính bảng nào đang được đánh giá cao bởi người dùng?
17|Các dòng máy tính bảng Lenovo nào đang được xem là lựa chọn tốt nhất hiện nay?
17|Đâu là những chiếc máy tính bảng Lenovo đang được người dùng tin tưởng và lựa chọn?
17|Người dùng đang có nhu cầu mua những dòng máy tính bảng nào của Lenovo?
17|Những mẫu máy tính bảng nào của Lenovo đang được yêu thích nhất bởi người dùng?
18|Các mẫu laptop của hãng Apple được ưa chuộng hiện nay?
18|Các mẫu laptop của hãng Apple nổi bật hiện nay?
18|Macbook có những dòng nào đang được ưa chuộng?
18|laptop của hãng Apple có những dòng nào đang được ưa chuộng?
18|Apple mới ra mắt laptop gì?
18|Apple mới ra mắt Macbook gì?
18|Apple mới ra mắt mẫu laptop nào?
18|laptop nào của Apple là được ưa chuộng?
18|Macbook đáng mua hiện tại là gì?
18|Laptop của Apple đáng mua hiện tại là gì?
18|Những chiếc Macbook nào của Apple đang được ưa chuộng nhất hiện nay?
18|Macbook nào của Apple đang là xu hướng hiện nay?
18|Những dòng Macbook nào của Apple đang hot nhất trên thị trường?
18|Đâu là những mẫu Macbook đáng chú ý nhất của Apple hiện tại?
18|Macbook nào của Apple đang thu hút sự quan tâm của người dùng?
18|Những mẫu Macbook nào của Apple đang được đánh giá cao?
18|Macbook nào của Apple đang dẫn đầu thị trường?
18|Những mẫu Macbook nào của Apple đang làm mưa làm gió?
18|Những chiếc Macbook nào của Apple được xem là tốt nhất hiện nay?
18|Macbook nào của Apple đang được săn đón nhiều nhất?
18|Đâu là những mẫu Macbook mới nhất và nổi bật nhất của Apple?
18|Macbook nào của Apple đang gây sốt trên thị trường?
18|Những mẫu Macbook nào của Apple đang được giới thiệu rầm rộ?
18|Macbook nào của Apple đang được người dùng mong đợi nhất?
18|Đâu là những mẫu Macbook đáng mua nhất của Apple hiện nay?
18|Macbook nào của Apple đang được đánh giá là có hiệu năng tốt nhất?
19|Các mẫu laptop của hãng Lenovo được ưa chuộng hiện nay?
19|Các mẫu laptop Lenovo nổi bật hiện nay?
19|Lenovo có những dòng laptop nào đang được ưa chuộng?
19|Lenovo mới ra mắt laptop gì?
19|laptop nào của Lenovo là được ưa chuộng?
19|laptop Lenovo đáng mua hiện tại là gì?
19|Những mẫu laptop Lenovo nào hiện đang ""hot"" nhất trên thị trường?
19|Đâu là những dòng laptop Lenovo được người dùng yêu thích nhất hiện nay?
19|Bạn có thể giới thiệu cho tôi một số dòng laptop Lenovo đang được ưa chuộng không?
19|Lenovo có những dòng sản phẩm laptop nào đang thu hút sự quan tâm của người tiêu dùng?
19|Theo bạn, đâu là những mẫu laptop Lenovo đáng mua nhất hiện nay?
19|Người dùng đang quan tâm đến những dòng laptop Lenovo nào nhất trong thời gian gần đây?
19|Lenovo có những dòng laptop nào đang dẫn đầu xu hướng?
19|Bạn có thể liệt kê một số dòng laptop Lenovo đang được đánh giá cao không?
19|Đâu là những dòng laptop Lenovo được xem là lựa chọn tốt nhất hiện nay?
19|Những dòng laptop Lenovo nào đang ""làm mưa làm gió"" trên thị trường?
19|Bạn có thể tư vấn cho tôi một số dòng laptop Lenovo đang được săn đón không?
19|Lenovo có những dòng sản phẩm laptop nào đang gây sốt?
19|Theo bạn, đâu là những mẫu laptop Lenovo đáng để đầu tư nhất?
19|Người dùng đang tìm kiếm những dòng laptop Lenovo nào nhiều nhất?
19|Lenovo có những dòng laptop nào đang thịnh hành?
19|Bạn có thể giới thiệu cho tôi một số dòng laptop Lenovo đang được đánh giá cao không?
19|Đâu là những dòng laptop Lenovo được xem là lựa chọn hàng đầu hiện nay?
19|Những dòng laptop Lenovo nào đang được người dùng săn lùng nhiều nhất?
19|Bạn có thể tư vấn cho tôi một số dòng laptop Lenovo đang ""hot"" không?
19|Lenovo có những dòng sản phẩm laptop nào đang được ưa chuộng?
19|Theo bạn, đâu là những mẫu laptop Lenovo nên mua nhất hiện nay?
19|Người dùng đang chú ý đến những dòng laptop Lenovo nào nhất?
19|Lenovo có những dòng laptop nào đang là xu hướng?
19|Bạn có thể giới thiệu cho tôi một số dòng laptop Lenovo đang được quan tâm không?
19|Đâu là những dòng laptop Lenovo được xem là lựa chọn thông minh hiện nay?
19|Những dòng laptop Lenovo nào đang được yêu thích nhất hiện nay?
20|Các mẫu laptop của hãng HP được ưa chuộng hiện nay?
20|HP có những dòng laptop nào đang được ưa chuộng?
20|HP mới ra mắt laptop gì?
20|HP mới ra mắt mẫu laptop nào?
20|laptop nào của HP là được ưa chuộng?
20|Laptop HP đáng mua nhất hiện tại là gì?
20|Những dòng laptop HP nào đang được người dùng yêu thích nhất hiện nay?
20|Dòng laptop nào của HP đang hot trên thị trường?
20|HP có những dòng máy tính xách tay nào đang bán chạy?
20|Đâu là những dòng laptop HP được ưa chuộng nhất hiện nay?
20|Bạn có thể giới thiệu cho tôi một số dòng laptop HP phổ biến không?
20|Người dùng đang quan tâm đến những dòng laptop HP nào nhất?
20|Theo bạn, đâu là những dòng laptop HP đáng mua nhất hiện nay?
20|Những dòng laptop HP nào đang dẫn đầu xu hướng?
20|Dòng laptop HP nào đang được đánh giá cao bởi người dùng?
20|HP có những dòng laptop nào phù hợp với nhu cầu của đa số người dùng?
20|Những dòng laptop HP nào đang được giới trẻ yêu thích?
20|Những dòng laptop HP nào đang được ưa chuộng nhất hiện nay?
20|Đâu là những mẫu laptop HP đáng chú ý trên thị trường hiện tại?
20|HP có những mẫu laptop nào nổi bật trong thời gian gần đây?
20|Các mẫu laptop HP nào đang thu hút sự quan tâm của người dùng?
20|Hiện nay, những mẫu laptop HP nào được đánh giá cao?
20|Laptop HP nào đang là xu hướng hiện nay?
20|Mẫu laptop HP nào đáng mua nhất hiện nay?
20|Bạn có thể giới thiệu một số mẫu laptop HP hot nhất hiện nay không?
20|Những mẫu laptop HP nào đang gây sốt trên thị trường?
20|Đâu là những mẫu laptop HP được đánh giá tốt nhất hiện nay?
20|Tôi đang tìm kiếm một chiếc laptop HP mới, bạn có gợi ý nào không?
20|Theo bạn, đâu là những mẫu laptop HP đáng để đầu tư nhất hiện nay?
21|Dell có những dòng laptop nào đang được ưa chuộng?
21|Dell mới ra mắt laptop gì?
21|Dell mới ra mắt mẫu laptop nào?
21|Laptop nào của Dell là được ưa chuộng?
21|Laptop Dell đáng mua nhất hiện tại là gì?
21|Những dòng laptop Dell nào đang được ưa chuộng nhất hiện nay?
21|Đâu là những mẫu laptop Dell đáng mua nhất trên thị trường?
21|Laptop Dell nào đang hot nhất trong thời gian gần đây?
21|Bạn có thể giới thiệu cho tôi những mẫu laptop Dell mới nhất không?
21|Những mẫu laptop Dell nào được đánh giá cao về hiệu năng và thiết kế?
21|Những mẫu laptop Dell nào có giá thành phải chăng mà vẫn đảm bảo chất lượng?
21|Laptop Dell nào đang được đánh giá cao nhất hiện nay?
21|Đâu là mẫu laptop Dell tốt nhất nên đầu tư vào thời điểm này?
21|Laptop Dell nào có hiệu năng tốt nhất trên thị trường hiện tại?
21|Bạn có thể gợi ý một số mẫu laptop Dell đáng mua nhất trong năm nay không?
21|Theo bạn, đâu là laptop Dell có giá trị tốt nhất hiện nay?
21|Nếu muốn mua một chiếc laptop Dell mới, tôi nên chọn mẫu nào?
21|Đâu là những mẫu laptop Dell mới nhất và đáng chú ý nhất?
21|Bạn có thể giới thiệu cho tôi một chiếc laptop Dell vừa mạnh mẽ vừa di động không?
21|Các dòng máy tính xách tay Dell nào hiện đang được người dùng yêu thích?
21|Những sản phẩm laptop của Dell nào đang dẫn đầu xu hướng hiện nay?
21|Người tiêu dùng hiện nay đang ưa chuộng những mẫu laptop Dell nào?
21|Xu hướng lựa chọn laptop của người dùng hiện nay nghiêng về những dòng nào của Dell?
21|Đâu là những dòng máy tính xách tay của Dell đang làm mưa làm gió trên thị trường?
21|Những mẫu laptop nào của Dell đang được săn đón nhiều nhất?
21|Dell có những dòng laptop nào đang hot nhất hiện nay?
21|Trong số các sản phẩm của Dell, những dòng laptop nào đang được ưa chuộng nhất?
21|Những dòng máy tính xách tay nào của Dell đang được đánh giá cao?
21|Người dùng hiện nay đang quan tâm đến những dòng laptop nào của Dell?
21|Thị trường laptop hiện nay đang chú ý đến những sản phẩm nào của Dell?
21|Những mẫu laptop Dell nào đang được người dùng đánh giá tích cực?
21|Dell có những dòng laptop nào đang được lòng người tiêu dùng?
21|Xu hướng tiêu dùng laptop hiện nay tập trung vào những dòng nào của Dell?
21|Những dòng máy tính xách tay nào của Dell đang được xem là tốt nhất?
21|Những sản phẩm laptop nào của Dell đang được người dùng tin tưởng lựa chọn?
21|Dell có những dòng laptop nào đang tạo nên cơn sốt trên thị trường?
21|Người dùng hiện nay đang có xu hướng lựa chọn những dòng laptop nào của Dell?
21|Những dòng máy tính xách tay Dell nào đang được xem là đáng mua nhất?
21|Trong số các sản phẩm của Dell, những dòng laptop nào đang được ưa chuộng nhất?
21|Các dòng máy tính xách tay Dell nào đang được người dùng yêu thích nhất?
21|Những sản phẩm laptop của Dell nào đang dẫn đầu xu hướng hiện nay?
21|Người tiêu dùng hiện nay đang ưa chuộng những mẫu laptop Dell nào nhất?
21|Xu hướng lựa chọn laptop của người dùng hiện nay nghiêng về những dòng nào của Dell nhất?
22|Thị trường điện thoại hiện nay được chia thành những phân khúc nào?
22|Phân khúc điện thoại nào đang được người tiêu dùng quan tâm nhất?
22|Phân khúc điện thoại nào có sự cạnh tranh khốc liệt nhất hiện nay?
22|Các phân khúc điện thoại nào đang dẫn đầu thị trường hiện nay?
22|Thị trường điện thoại hiện đang được chia thành những phân khúc chính nào?
22|Những phân khúc nào đang thu hút sự chú ý nhiều nhất trên thị trường điện thoại?
22|Phân khúc nào đang chiếm ưu thế trong thị trường điện thoại hiện tại?
22|Thị trường điện thoại đang phát triển mạnh mẽ ở những phân khúc nào?
22|Đâu là những phân khúc nổi trội nhất trên thị trường điện thoại lúc này?
22|Phân khúc nào đang được xem là xu hướng chủ đạo trong thị trường điện thoại?
22|Trong thị trường điện thoại, những phân khúc nào đang thu hút người tiêu dùng nhiều nhất?
22|Những phân khúc nào đang định hình thị trường điện thoại hiện nay?
22|Các nhà sản xuất điện thoại đang tập trung vào những phân khúc nào?
22|Phân khúc nào đang có sự cạnh tranh khốc liệt nhất trên thị trường điện thoại?
22|Người tiêu dùng đang quan tâm đến những phân khúc điện thoại nào?
22|Đâu là những phân khúc điện thoại đang được đánh giá cao nhất?
22|Những phân khúc nào đang tạo ra sự khác biệt trên thị trường điện thoại?
22|Thị trường điện thoại đang được thúc đẩy bởi những phân khúc nào?
22|Những phân khúc nào đang tạo nên sự đa dạng trên thị trường điện thoại?
22|Thị trường điện thoại đang được định hình bởi những phân khúc nào?
22|Người dùng đang tìm kiếm những phân khúc điện thoại nào?
22|Thị trường điện thoại đang hướng đến những phân khúc nào?
22|Phân khúc nào đang làm nên sự khác biệt cho các dòng điện thoại?
23|Apple có những loại phân khúc giá điện thoại như thế nào?
23|Apple chia làm bao nhiêu phân khúc điện thoại ?
23|Tôi muốn tham khảo phân khúc giá của điện thoại Apple hiện nay?
23|Trên thị trường, dựa theo giá bán điện thoại thì Apple chia làm bao nhiêu phân khúc?
23|Các dòng điện thoại iPhone hiện nay được chia thành những phân khúc giá nào?
23|iPhone có những mức giá nào hiện nay?
23|Tôi có thể tìm thấy iPhone trong phạm vi ngân sách nào?
23|Chi phí của các mẫu iPhone khác nhau là bao nhiêu?
23|Apple chia các dòng iPhone thành những phân khúc giá nào?
23|Các mức giá khác nhau của iPhone của Apple là gì?
23|Apple định vị các mẫu iPhone khác nhau như thế nào về giá cả?
23|Có những phân khúc giá nào cho các mẫu iPhone hiện tại?
23|Các dòng iPhone của Apple có giá khởi điểm và cao nhất là bao nhiêu?
23|Sự khác biệt về giá giữa các mẫu iPhone khác nhau là gì?
23|Apple có phân khúc giá cụ thể nào cho iPhone không?
23|Các mẫu iPhone mới nhất nằm trong phân khúc giá nào?
23|iPhone có các tùy chọn giá cả phải chăng cho người tiêu dùng bình dân không?
23|iPhone có cung cấp các tùy chọn giá linh hoạt cho các ngân sách khác nhau không?
23|Các mẫu iPhone nào phổ biến nhất ở các phân khúc giá khác nhau?
23|Giá bán của các mẫu điện thoại Apple hiện tại là bao nhiêu?
23|Phân khúc giá của điện thoại Apple hiện nay như thế nào?
23|Apple có những lựa chọn nào cho người dùng có ngân sách khác nhau?
23|Phân khúc giá nào phổ biến nhất đối với điện thoại Apple?
24|Samsung có những loại phân khúc giá điện thoại như thế nào?
24|Samsung chia làm bao nhiêu phân khúc điện thoại ?
24|Tôi muốn tham khảo phân khúc giá của điện thoại Samsung hiện nay?
24|Trên thị trường, dựa theo giá bán điện thoại thì Samsung chia làm bao nhiêu phân khúc?
24|Các dòng điện thoại Samsung hiện nay được chia thành những phân khúc giá nào?
24|Samsung chia điện thoại của họ thành những phân khúc giá nào?
24|Có những loại phân khúc giá nào cho điện thoại Samsung?
24|Samsung cung cấp điện thoại ở những mức giá nào?
24|Các mức giá khác nhau của điện thoại Samsung là gì?
24|Điện thoại Samsung có những loại giá nào?
24|Samsung có những dòng điện thoại nào ở các mức giá khác nhau?
24|Các phân khúc giá của điện thoại Samsung được xác định như thế nào?
24|Samsung có những lựa chọn điện thoại nào cho các ngân sách khác nhau?
24|Các mức giá điển hình cho điện thoại Samsung là gì?
24|Tôi có thể tìm thấy điện thoại Samsung ở những mức giá nào?
24|Các dòng điện thoại Samsung phổ biến nhất ở mỗi phân khúc giá là gì?
24|Điện thoại Samsung nào được coi là có giá trị tốt nhất cho từng phân khúc giá?
24|Có những điểm khác biệt chính nào giữa các phân khúc giá điện thoại của Samsung?
24|Samsung định giá điện thoại của họ như thế nào so với đối thủ cạnh tranh?
24|Các xu hướng hiện tại trong phân khúc giá điện thoại của Samsung là gì?
24|Samsung có bao nhiêu dòng điện thoại khác nhau?
24|Có bao nhiêu phân khúc trong danh mục điện thoại của Samsung?
24|Samsung phân loại điện thoại của họ như thế nào?
24|Có bao nhiêu loại điện thoại mà Samsung sản xuất?
24|Danh mục điện thoại của Samsung được chia thành bao nhiêu nhóm?
24|Samsung chia điện thoại của mình thành bao nhiêu phân khúc thị trường?
24|Có bao nhiêu phân khúc giá khác nhau cho điện thoại Samsung?
24|Có bao nhiêu phân khúc khách hàng khác nhau cho điện thoại Samsung?
25|Xiaomi có những loại phân khúc giá điện thoại như thế nào?
25|Xiaomi chia làm bao nhiêu phân khúc điện thoại ?
25|Tôi muốn tham khảo phân khúc giá của điện thoại Xiaomi hiện nay?
25|Trên thị trường, dựa theo giá bán điện thoại thì Xiaomi chia làm bao nhiêu phân khúc?
25|Các dòng điện thoại Xiaomi hiện nay được chia thành những phân khúc giá nào?
25|Xiaomi có những dòng điện thoại ở mức giá nào?
25|Các phân khúc giá của điện thoại Xiaomi là gì?
25|Xiaomi có những sản phẩm điện thoại ở những tầm giá nào?
25|Phân loại giá cả điện thoại của Xiaomi ra sao?
25|Các mức giá điện thoại Xiaomi được chia như thế nào?
25|Xiaomi có những dòng sản phẩm điện thoại nào và giá của chúng là bao nhiêu?
25|Các dòng điện thoại Xiaomi có giá thành khác nhau như thế nào?
25|Xiaomi có những sản phẩm điện thoại nào phù hợp với từng mức ngân sách?
25|Các phân khúc giá của điện thoại Xiaomi được phân chia dựa trên tiêu chí nào?
25|Giá cả của điện thoại Xiaomi có đa dạng không?
25|Sự khác biệt giữa các phân khúc giá điện thoại Xiaomi là gì?
25|Xiaomi có những dòng điện thoại nào đáng mua trong từng phân khúc giá?
25|Mức giá nào là phổ biến nhất cho điện thoại Xiaomi?
25|Các dòng điện thoại Xiaomi có giá cả cạnh tranh với các thương hiệu khác như thế nào?
25|Các dòng điện thoại Xiaomi có sự khác biệt về tính năng và hiệu năng giữa các phân khúc giá như thế nào?
25|Các dòng điện thoại Xiaomi có thiết kế khác nhau giữa các phân khúc giá như thế nào?
26|Google có những loại phân khúc giá điện thoại như thế nào?
26|Google chia làm bao nhiêu phân khúc điện thoại ?
26|Tôi muốn tham khảo phân khúc giá của điện thoại Google hiện nay?
26|Trên thị trường, dựa theo giá bán điện thoại thì Google chia làm bao nhiêu phân khúc?
26|Các dòng điện thoại Google hiện nay được chia thành những phân khúc giá nào?
26|Google chia điện thoại của họ thành những phân khúc giá nào?
26|Các loại giá khác nhau cho điện thoại Google là gì?
26|Điện thoại Google có sẵn ở những mức giá nào?
26|Google nhắm mục tiêu những phân khúc giá nào với điện thoại của họ?
26|Các tùy chọn giá khác nhau cho điện thoại Google là gì?
26|Có những loại giá nào cho điện thoại Google?
26|Google cung cấp điện thoại ở những mức giá nào?
26|Google phân loại điện thoại của họ theo giá như thế nào?
26|Những phân khúc thị trường nào mà Google nhắm mục tiêu với điện thoại của họ?
26|Các mức giá của điện thoại Google là gì?
26|Google định vị điện thoại của họ như thế nào về giá cả?
26|Có những loại điện thoại Google nào ở các mức giá khác nhau?
26|Những phân khúc giá nào mà Google cung cấp cho điện thoại của họ?
26|Google có những lựa chọn giá nào cho điện thoại của họ?
26|Điện thoại Google có giá bao nhiêu?
26|Chiến lược giá của Google cho điện thoại của họ là gì?
26|Google có những mẫu điện thoại nào ở các mức giá khác nhau?
26|Sự phân chia giá của điện thoại Google là gì?
26|Google cung cấp những loại giá nào cho điện thoại của họ?
26|Có những mức giá nào cho điện thoại Google?
26|Google phân phối điện thoại của họ như thế nào về giá cả?
26|Các loại điện thoại Google khác nhau có giá bao nhiêu?
26|Google nhắm mục tiêu vào những người tiêu dùng nào với các mức giá khác nhau của điện thoại?
26|Các phân khúc giá của điện thoại Google là gì?
26|Google cung cấp những lựa chọn giá nào cho điện thoại của họ?
26|Google định giá điện thoại của họ như thế nào?
26|Các mẫu điện thoại Google khác nhau có sẵn ở mức giá nào?
26|Sự phân loại giá của điện thoại Google là gì?
27|Giá bán lẻ đề nghị của các mẫu iPhone tại Việt Nam là bao nhiêu?
27|Các mẫu iPhone nào hiện đang được sản xuất và giá bán tại Việt Nam?
27|Các sản phẩm iPhone đang được sản xuất và bán lẻ trên thị trường Việt Nam là gì?
27|Các sản phẩm điện thoại của hãng Apple đang được sản xuất và bán lẻ trên thị trường Việt Nam là gì?
27|Thông tin về các sản phẩm điện thoại của Apple chính hãng?
27|Thông tin về các sản phẩm iPhone chính hãng?
27|Ngoài iPhone SE series, còn mẫu điện thoại của hãng Apple nào khác đang được bán chính hãng tại Việt Nam?
27|Ngoài iPhone SE, còn mẫu iPhone nào khác đang được bán chính hãng tại Việt Nam?
27|Ngoài iPhone 13 series, còn mẫu điện thoại của hãng Apple nào khác đang được bán chính hãng tại Việt Nam?
27|Ngoài iPhone 13 series, còn mẫu iPhone nào khác đang được bán chính hãng tại Việt Nam?
27|Ngoài iPhone 14 series, còn mẫu điện thoại của hãng Apple nào khác đang được bán chính hãng tại Việt Nam?
27|Ngoài iPhone 14 series, còn mẫu iPhone nào khác đang được bán chính hãng tại Việt Nam?
27|Ngoài iPhone 15 series, còn mẫu điện thoại của hãng Apple nào khác đang được bán chính hãng tại Việt Nam?
27|Ngoài iPhone 15 series, còn mẫu iPhone nào khác đang được bán chính hãng tại Việt Nam?
27|Có sự khác biệt nào về giá bán giữa các phiên bản iPhone?
27|Có sự khác biệt nào về giá bán giữa các phiên bản điện thoại của hãng Apple?
27|Giá bán hiện tại của các mẫu điện thoại của hãng Apple trên thị trường là bao nhiêu?
27|Giá bán hiện tại của các mẫu iPhone trên thị trường là bao nhiêu?
27|Thông tin về giá bán của những dòng điện thoại hãng Apple trên thị trường hiện nay?
27|Thông tin về giá bán của những dòng iPhone trên thị trường hiện nay?
27|Giá bán của các dòng điện thoại iPhone trên thị trường hiện nay như thế nào?
27|Giá niêm yết chính thức của các dòng iPhone ở Việt Nam là bao nhiêu?
27|Mức giá đề xuất cho người tiêu dùng mua iPhone tại Việt Nam là gì?
27|Các mẫu iPhone hiện đang được bán với giá bao nhiêu tại các cửa hàng chính hãng ở Việt Nam?
27|Các mẫu iPhone mới nhất có giá bán lẻ đề nghị là bao nhiêu tại Việt Nam?
28|phân khúc giá rẻ của điện thoại hãng Apple gồm những sản phẩm nào?
28|Apple có phân khúc điện thoại giá rẻ không, và bao gồm những điện thoại nào?
28|Những mẫu điện thoại nào của hãng Apple có giá rẻ?
28|điện thoại nào của Apple có giá thành phải chăng nhất hiện nay?
28|Mẫu iPhone nào của Apple phù hợp với ngân sách hạn hẹp?
28|Tôi muốn mua một chiếc iPhone giá rẻ, Apple có những lựa chọn nào?
28|Đâu là những chiếc iPhone cũ của Apple vẫn đáng mua với giá rẻ?
28|Mua iPhone nào của Apple vừa tiết kiệm chi phí vừa đáp ứng nhu cầu cơ bản?
28|Với 5 triệu đồng thì tôi có thể mua điện thoại iPhone nào của hãng Apple?
28|Tôi nên chọn mẫu iPhone nào của Apple nếu tôi chỉ có khoảng 5 triệu đồng?
28|Với 7 triệu đồng thì tôi có thể mua điện thoại iPhone nào của hãng Apple?
28|Tôi nên chọn mẫu iPhone nào của Apple nếu tôi chỉ có khoảng 7 triệu đồng?
28|dưới 7 triệu đồng, tôi có thể mua được những sản phẩm iphone nào?
28|Đâu là những mẫu điện thoại iPhone của Apple phù hợp với học sinh, sinh viên?
28|Mẫu iPhone nào của Apple có thiết kế đẹp nhưng giá thành lại rẻ?
28|Tôi muốn tìm một chiếc điện thoại của hãng Apple giá rẻ để làm quà tặng, có gợi ý nào không?
28|với mức giá rẻ thì người mua có thể sở hữu được chiếc điện thoại nào của hãng Apple?
29|phân khúc giá tầm trung của điện thoại hãng Apple gồm những sản phẩm nào?
29|Apple có phân khúc điện thoại giá tầm trung không, và bao gồm những điện thoại nào?
29|Những mẫu điện thoại nào của hãng Apple có giá tầm trung ?
29|điện thoại nào của Apple có giá thành phải chăng nhất và nằm trong tầm trung hiện nay?
29|Mẫu iPhone nào của Apple phù hợp với ngân sách vừa đủ và trung bình?
29|Tôi muốn mua một chiếc iPhone giá tầm trung, Apple có những lựa chọn nào?
29|Đâu là những chiếc iPhone của Apple vẫn đáng mua với giá tầm trung?
29|Mua iPhone nào của Apple vừa phù hợp với túi tiền vừa đáp ứng nhu cầu tầm trung?
29|với khoảng 10 triệu đồng thì tôi có thể mua điện thoại iPhone nào tầm trung của hãng Apple?
29|Tôi nên chọn mẫu iPhone nào tầm trung của Apple nếu tôi chỉ có khoảng 10 triệu đồng?
29|dưới 15 triệu đồng thì tôi có thể mua điện thoại iPhone nào của hãng Apple với mức giá tầm trung?
29|Tôi nên chọn mẫu iPhone nào với giá thành trong tầm trung của Apple nếu tôi chỉ có khoảng dưới 15 triệu đồng?
29|dưới 15 triệu đồng, tôi có thể mua được những sản phẩm iphone nào?
29|Đâu là những mẫu điện thoại iPhone của Apple phù hợp với học sinh, sinh viên ở phân khúc tầm trung?
29|Mẫu iPhone nào của Apple có thiết kế đẹp nhưng giá thành nằm trong khoảng tầm trung?
29|Tôi muốn tìm một chiếc điện thoại của hãng Apple giá nằm trong phân khúc tầm trung để làm quà tặng, có gợi ý nào không?
29|với mức giá tầm trung thì người mua có thể sở hữu được chiếc điện thoại nào của hãng Apple?
30|phân khúc giá cận cao cấp của điện thoại hãng Apple gồm những sản phẩm nào?
30|Apple có phân khúc điện thoại giá cận cao cấp không, và bao gồm những điện thoại nào?
30|Những mẫu điện thoại nào của hãng Apple có giá cận cao cấp ?
30|Mẫu iPhone nào của Apple phù hợp với ngân sách cận cao cấp có thể gọi là thong thả ?
30|Tôi muốn mua một chiếc iPhone giá cận cao cấp , Apple có những lựa chọn nào?
30|Đâu là những chiếc iPhone của Apple vẫn đáng mua với giá cận cao cấp ?
30|Mua iPhone nào của Apple vừa dành cho những người sang trọng vừa đáp ứng nhu cầu cận cao cấp ?
30|với khoảng 15 triệu đồng thì tôi có thể mua điện thoại iPhone nào cận cao cấp của hãng Apple?
30|Tôi nên chọn mẫu iPhone nào cận cao cấp của Apple nếu tôi chỉ có khoảng dưới 20 triệu đồng?
30|dưới 20 triệu đồng thì tôi có thể mua điện thoại iPhone nào của hãng Apple với mức giá cận cao cấp ?
30|Tôi nên chọn mẫu iPhone nào trong phân khúc cận cao cấp của Apple nếu tôi chỉ có khoảng dưới 20 triệu đồng?
30|dưới 20 triệu đồng, tôi có thể mua được những sản phẩm iphone nào của hãng Apple?
30|Đâu là những mẫu điện thoại iPhone của Apple phù hợp ở phân khúc cận cao cấp ?
30|Mẫu iPhone nào của Apple có thiết kế đẹp, sang trọng và có mức giá ở phân khúc cận cao cấp ?
30|Tôi muốn tìm một chiếc điện thoại của hãng Apple giá nằm trong phân khúc cận cao cấp để làm quà tặng, có gợi ý nào không?
30|với mức giá cận cao cấp thì người mua có thể sở hữu được chiếc điện thoại nào của hãng Apple?
30|điện thoại nào của Apple có giá thành dành cho những người sang trọng và yêu công nghệ và nằm trong mức cận cao cấp hiện nay?
31|phân khúc giá cao cấp của điện thoại hãng Apple gồm những sản phẩm nào?
31|Apple có phân khúc điện thoại giá cao cấp không, và bao gồm những điện thoại nào?
31|Những mẫu điện thoại nào của hãng Apple có giá cao cấp ?
31|điện thoại nào của Apple có giá thành dành cho những người đẳng cấp và nằm trong mức cao cấp hiện nay?
31|Mẫu iPhone nào của Apple phù hợp với ngân sách nằm trong phân khúc cao cấp?
31|Tôi muốn mua một chiếc iPhone với mức giá cao cấp , Apple có những lựa chọn nào?
31|Đâu là những chiếc iPhone của Apple vẫn đáng mua với giá cao cấp ?
31|Mua iPhone nào của Apple vừa dành cho những người dùng ở phân khúc cao cấp vừa cho trải nghiệm vượt trội?
31|trên 20 triệu đồng thì tôi có thể mua điện thoại iPhone nào cao cấp của hãng Apple?
31|Tôi nên chọn mẫu iPhone nào cao cấp của Apple nếu tôi có trên 20 triệu đồng?
31|trên 20 triệu đồng thì tôi có thể mua điện thoại iPhone nào của hãng Apple với mức giá phân khúc cao cấp ?
31|Tôi nên chọn mẫu iPhone nào trong phân khúc cao cấp của Apple nếu tôi có trên 20 triệu đồng?
31|trên 20 triệu đồng, tôi có thể mua được những sản phẩm iphone nào của hãng Apple?
31|Đâu là những mẫu điện thoại iPhone của Apple phù hợp ở phân khúc cao cấp ?
31|Mẫu iPhone nào của Apple có thiết kế mới, sang trọng nhất và có mức giá ở phân khúc cao cấp ?
31|Tôi muốn tìm một chiếc điện thoại của hãng Apple giá nằm trong phân khúc cao cấp để làm quà tặng, có gợi ý nào không?
31|với mức giá cao cấp thì người mua có thể sở hữu được chiếc điện thoại nào của hãng Apple?
32|Giá bán lẻ đề nghị của các mẫu điện thoại Samsung tại Việt Nam là bao nhiêu?
32|Các mẫu điện thoại Samsung nào hiện đang được sản xuất và bán tại Việt Nam?
32|Các sản phẩm điện thoại Samsung đang được sản xuất và bán lẻ trên thị trường Việt Nam là gì?
32|Các sản phẩm điện thoại của hãng Samsung đang được sản xuất và bán lẻ trên thị trường Việt Nam là gì?
32|Thông tin về các sản phẩm điện thoại của Samsung chính hãng?
32|Thông tin về các sản phẩm điện thoại Samsung chính hãng?
32|Ngoài Samsung Galaxy S24 series, còn mẫu điện thoại của hãng Samsung nào khác đang được bán chính hãng tại Việt Nam?
32|Ngoài Samsung S24 series, còn mẫu điện thoại Samsung nào khác đang được bán chính hãng tại Việt Nam?
32|Ngoài Samsung Galaxy Z Flip5 series, còn mẫu điện thoại của hãng Samsung nào khác đang được bán chính hãng tại Việt Nam?
32|Ngoài Samsung Galaxy Z Flip5 series, còn mẫu điện thoại Samsung nào khác đang được bán chính hãng tại Việt Nam?
32|Ngoài Samsung Galaxy S23 FE series, còn mẫu điện thoại của hãng Samsung nào khác đang được bán chính hãng tại Việt Nam?
32|Ngoài Samsung Galaxy S23 FE series, còn mẫu điện thoại Samsung nào khác đang được bán chính hãng tại Việt Nam?
32|Ngoài Samsung Galaxy A35 series, còn mẫu điện thoại của hãng Samsung nào khác đang được bán chính hãng tại Việt Nam?
32|Ngoài Samsung Galaxy A35 series, còn mẫu điện thoại Samsung nào khác đang được bán chính hãng tại Việt Nam?
32|Ngoài Samsung Galaxy A15 series, còn mẫu điện thoại của hãng Samsung nào khác đang được bán chính hãng tại Việt Nam?
32|Ngoài Samsung Galaxy A15 series, còn mẫu điện thoại Samsung nào khác đang được bán chính hãng tại Việt Nam?
32|Có sự khác biệt nào về giá bán giữa các phiên bản điện thoại Samsung Galaxy?
32|Có sự khác biệt nào về giá bán giữa các phiên bản điện thoại của hãng Samsung?
32|Giá bán hiện tại của các mẫu điện thoại của hãng Samsung trên thị trường là bao nhiêu?
32|Giá bán hiện tại của các mẫu điện thoại Samsung trên thị trường là bao nhiêu?
32|Thông tin về giá bán của những dòng điện thoại hãng Samsung trên thị trường hiện nay?
32|Thông tin về giá bán của những dòng điện thoại Samsung trên thị trường hiện nay?
32|Giá bán của các dòng điện thoại Samsung trên thị trường hiện nay như thế nào?
33|phân khúc giá rẻ của điện thoại hãng Samsung gồm những sản phẩm nào?
33|Samsung có phân khúc điện thoại giá rẻ không, và bao gồm những điện thoại nào?
33|Những mẫu điện thoại nào của hãng Samsung có giá rẻ?
33|điện thoại nào của Samsung có giá thành phải chăng nhất hiện nay?
33|Mẫu Galaxy nào của Samsung phù hợp với ngân sách hạn hẹp?
33|Tôi muốn mua một chiếc điện thoại Samsung giá rẻ, Samsung có những lựa chọn nào?
33|Đâu là những chiếc điện thoại Samsung Galaxy cũ của hãng Samsung vẫn đáng mua với giá rẻ?
33|Mua điện thoại Samsung Galaxy nào của Samsung vừa tiết kiệm chi phí vừa đáp ứng nhu cầu cơ bản?
33|Với 5 triệu đồng thì tôi có thể mua điện thoại nào của hãng Samsung?
33|Tôi nên chọn mẫu điện thoại nào của Samsung nếu tôi chỉ có khoảng 5 triệu đồng?
33|Với 7 triệu đồng thì tôi có thể mua điện thoại nào của hãng Samsung?
33|Tôi nên chọn mẫu điện thoại nào của Samsung nếu tôi chỉ có khoảng 7 triệu đồng?
33|dưới 7 triệu đồng, tôi có thể mua được những sản phẩm điện thoại Samsung nào với tính năng tốt nhất?
33|Đâu là những mẫu điện thoại của Samsung phù hợp với học sinh, sinh viên?
33|Mẫu điện thoại nào của Samsung có thiết kế đẹp nhưng giá thành lại rẻ?
33|Tôi muốn tìm một chiếc điện thoại của hãng Samsung giá rẻ để làm quà tặng, có gợi ý nào không?
33|với mức giá rẻ thì người mua có thể sở hữu được chiếc điện thoại nào của hãng Samsung?
34|phân khúc giá tầm trung của điện thoại hãng Samsung gồm những sản phẩm nào?
34|Samsung có phân khúc điện thoại giá tầm trung không, và bao gồm những điện thoại nào?
34|Những mẫu điện thoại nào của hãng Samsung có giá tầm trung ?
34|điện thoại nào của Samsung có giá thành phải chăng nhất và nằm trong tầm trung hiện nay?
34|Mẫu điện thoại nào của Samsung phù hợp với ngân sách vừa đủ và trung bình?
34|Tôi muốn mua một chiếc điện thoại giá tầm trung, Samsung có những lựa chọn nào?
34|Đâu là những chiếc điện thoại của Samsung vẫn đáng mua với giá tầm trung?
34|Mua điện thoại nào của Samsung vừa phù hợp với túi tiền vừa đáp ứng nhu cầu tầm trung?
34|với khoảng 10 triệu đồng thì tôi có thể mua điện thoại nào tầm trung của hãng Samsung?
34|Tôi nên chọn mẫu điện thoại nào tầm trung của Samsung nếu tôi chỉ có khoảng 10 triệu đồng?
34|dưới 15 triệu đồng thì tôi có thể mua điện thoại nào của hãng Samsung với mức giá tầm trung?
34|Tôi nên chọn mẫu điện thoại nào với giá thành trong tầm trung của Samsung nếu tôi chỉ có khoảng dưới 15 triệu đồng?
34|dưới 15 triệu đồng, tôi có thể mua được những sản phẩm điện thoại Samsung nào với tính năng tốt nhất?
34|Đâu là những mẫu điện thoại của Samsung phù hợp với học sinh, sinh viên ở phân khúc tầm trung?
34|Mẫu điện thoại nào của Samsung có thiết kế đẹp nhưng giá thành nằm trong khoảng tầm trung ?
34|Tôi muốn tìm một chiếc điện thoại của hãng Samsung giá nằm trong phân khúc tầm trung để làm quà tặng, có gợi ý nào không?
34|với mức giá tầm trung thì người mua có thể sở hữu được chiếc điện thoại nào của hãng Samsung?
35|phân khúc giá cận cao cấp của điện thoại hãng Samsung gồm những sản phẩm nào?
35|Samsung có phân khúc điện thoại giá cận cao cấp không, và bao gồm những điện thoại nào?
35|Những mẫu điện thoại nào của hãng Samsung có giá cận cao cấp ?
35|điện thoại nào của Samsung có giá thành dành cho những người sang trọng và yêu công nghệ và nằm trong mức cận cao cấp hiện nay?
35|Mẫu điện thoại nào của Samsung phù hợp với ngân sách cận cao cấp có thể gọi là thong thả ?
35|Tôi muốn mua một chiếc điện thoại giá cận cao cấp , Samsung có những lựa chọn nào?
35|Đâu là những chiếc điện thoại của Samsung vẫn đáng mua với giá cận cao cấp ?
35|Mua điện thoại nào của Samsung vừa dành cho những người sang trọng vừa đáp ứng nhu cầu cận cao cấp ?
35|với khoảng 15 triệu đồng thì tôi có thể mua điện thoại nào cận cao cấp của hãng Samsung?
35|Tôi nên chọn mẫu điện thoại nào cận cao cấp của Samsung nếu tôi chỉ có khoảng dưới 20 triệu đồng?
35|dưới 20 triệu đồng thì tôi có thể mua điện thoại nào của hãng Samsung với mức giá cận cao cấp ?
35|Tôi nên chọn mẫu điện thoại nào trong phân khúc cận cao cấp của Samsung nếu tôi chỉ có khoảng dưới 20 triệu đồng?
35|dưới 20 triệu đồng, tôi có thể mua được những sản phẩm điện thoại nào của hãng Samsung với tính năng tốt nhất?
35|Đâu là những mẫu điện thoại của Samsung phù hợp ở phân khúc cận cao cấp ?
35|Mẫu điện thoại nào của Samsung có thiết kế đẹp, sang trọng và có mức giá ở phân khúc cận cao cấp ?
35|Tôi muốn tìm một chiếc điện thoại của hãng Samsung giá nằm trong phân khúc cận cao cấp để làm quà tặng, có gợi ý nào không?
35|với mức giá cận cao cấp thì người mua có thể sở hữu được chiếc điện thoại nào của hãng Samsung?
36|phân khúc giá cao cấp của điện thoại hãng Samsung gồm những sản phẩm nào?
36|Samsung có phân khúc điện thoại giá cao cấp không, và bao gồm những điện thoại nào?
36|Những mẫu điện thoại nào của hãng Samsung có giá cao cấp ?
36|điện thoại nào của Samsung có giá thành dành cho những người đẳng cấp và nằm trong mức cao cấp hiện nay?
36|Mẫu điện thoại nào của Samsung phù hợp với ngân sách nằm trong phân khúc cao cấp?
36|Tôi muốn mua một chiếc điện thoại với mức giá cao cấp , Samsung có những lựa chọn nào?
36|Đâu là những chiếc điện thoại của Samsung vẫn đáng mua với giá cao cấp ?
36|Mua điện thoại nào của Samsung vừa dành cho những người dùng ở phân khúc cao cấp vừa cho trải nghiệm vượt trội?
36|trên 20 triệu đồng thì tôi có thể mua điện thoại nào thuộc hàng cao cấp của hãng Samsung?
36|Tôi nên chọn mẫu điện thoại nào cao cấp của Samsung nếu tôi có trên 20 triệu đồng?
36|trên 20 triệu đồng thì tôi có thể mua điện thoại nào của hãng Samsung với mức giá phân khúc cao cấp ?
36|Tôi nên chọn mẫu điện thoại nào trong phân khúc cao cấp của Samsung nếu tôi có trên 20 triệu đồng?
36|trên 20 triệu đồng, tôi có thể mua được những sản phẩm điện thoại nào của hãng Samsung ?
36|Đâu là những mẫu điện thoại của Samsung phù hợp ở phân khúc cao cấp ?
36|Mẫu điện thoại nào của Samsung có thiết kế mới nhất, sang trọng nhất và có mức giá ở phân khúc cao cấp ?
36|Tôi muốn tìm một chiếc điện thoại của hãng Samsung giá nằm trong phân khúc cao cấp để làm quà tặng, có gợi ý nào không?
36|với mức giá cao cấp thì người mua có thể sở hữu được chiếc điện thoại nào của hãng Samsung?
37|Giá bán lẻ đề nghị của các mẫu điện thoại Xiaomi tại Việt Nam là bao nhiêu?
37|Các mẫu điện thoại Xiaomi nào hiện đang được sản xuất và bán tại Việt Nam?
37|Các sản phẩm điện thoại Xiaomi đang được sản xuất và bán lẻ trên thị trường Việt Nam là gì?
37|Các sản phẩm điện thoại của hãng Xiaomi đang được sản xuất và bán lẻ trên thị trường Việt Nam là gì?
37|Thông tin về các sản phẩm điện thoại của Xiaomi chính hãng?
37|Thông tin về các sản phẩm điện thoại Xiaomi chính hãng?
37|Ngoài Xiaomi Redmi Note 12, còn mẫu điện thoại của hãng Xiaomi nào khác đang được bán chính hãng tại Việt Nam?
37|Ngoài Xiaomi Redmi Note 12, còn mẫu điện thoại Xiaomi nào khác đang được bán chính hãng tại Việt Nam?
37|Ngoài  Xiaomi 13, còn mẫu điện thoại của hãng Xiaomi nào khác đang được bán chính hãng tại Việt Nam?
37|Ngoài Xiaomi 13, còn mẫu điện thoại Xiaomi nào khác đang được bán chính hãng tại Việt Nam?
37|Ngoài Xiaomi 14, còn mẫu điện thoại của hãng Xiaomi nào khác đang được bán chính hãng tại Việt Nam?
37|Ngoài Xiaomi 14, còn mẫu điện thoại Xiaomi nào khác đang được bán chính hãng tại Việt Nam?
37|Ngoài Xiaomi 14 Pro, còn mẫu điện thoại của hãng Xiaomi nào khác đang được bán chính hãng tại Việt Nam?
37|Ngoài Xiaomi 14 Pro, còn mẫu điện thoại Xiaomi nào khác đang được bán chính hãng tại Việt Nam?
37|Ngoài Xiaomi 14 Ultra, còn mẫu điện thoại của hãng Xiaomi nào khác đang được bán chính hãng tại Việt Nam?
37|Ngoài Xiaomi 14 Ultra, còn mẫu điện thoại Xiaomi nào khác đang được bán chính hãng tại Việt Nam?
37|Có sự khác biệt nào về giá bán giữa các phiên bản điện thoại Xiaomi?
37|Có sự khác biệt nào về giá bán giữa các phiên bản điện thoại của hãng Xiaomi?
37|Giá bán hiện tại của các mẫu điện thoại của hãng Xiaomi trên thị trường là bao nhiêu?
37|Giá bán hiện tại của các mẫu điện thoại Xiaomi trên thị trường là bao nhiêu?
37|Thông tin về giá bán của những dòng điện thoại hãng Xiaomi trên thị trường hiện nay?
37|Thông tin về giá bán của những dòng điện thoại Xiaomi trên thị trường hiện nay?
37|Giá bán của các dòng điện thoại Xiaomi trên thị trường hiện nay như thế nào?
38|phân khúc giá rẻ của điện thoại hãng Xiaomi gồm những sản phẩm nào?
38|Xiaomi có phân khúc điện thoại giá rẻ không, và bao gồm những điện thoại nào?
38|Những mẫu điện thoại nào của hãng Xiaomi có giá rẻ?
38|điện thoại nào của Xiaomi có giá thành phải chăng nhất hiện nay?
38|Mẫu Galaxy nào của Xiaomi phù hợp với ngân sách hạn hẹp?
38|Tôi muốn mua một chiếc điện thoại Xiaomi giá rẻ, Xiaomi có những lựa chọn nào?
38|Đâu là những chiếc điện thoại Xiaomi cũ của hãng Xiaomi vẫn đáng mua với giá rẻ?
38|Mua điện thoại Xiaomi nào của Xiaomi vừa tiết kiệm chi phí vừa đáp ứng nhu cầu cơ bản?
38|Với 5 triệu đồng thì tôi có thể mua điện thoại nào của hãng Xiaomi?
38|Tôi nên chọn mẫu điện thoại nào của Xiaomi nếu tôi chỉ có khoảng 5 triệu đồng?
38|Với 7 triệu đồng thì tôi có thể mua điện thoại nào của hãng Xiaomi?
38|Tôi nên chọn mẫu điện thoại nào của Xiaomi nếu tôi chỉ có khoảng 7 triệu đồng?
38|dưới 7 triệu đồng, tôi có thể mua được những sản phẩm điện thoại Xiaomi nào với tính năng tốt nhất?
38|Đâu là những mẫu điện thoại của Xiaomi phù hợp với học sinh, sinh viên?
38|Mẫu điện thoại nào của Xiaomi có thiết kế đẹp nhưng giá thành lại rẻ?
38|Tôi muốn tìm một chiếc điện thoại của hãng Xiaomi giá rẻ để làm quà tặng, có gợi ý nào không?
38|với mức giá rẻ thì người mua có thể sở hữu được chiếc điện thoại nào của hãng Xiaomi?
39|phân khúc giá tầm trung của điện thoại hãng Xiaomi gồm những sản phẩm nào?
39|Xiaomi có phân khúc điện thoại giá tầm trung không, và bao gồm những điện thoại nào?
39|Những mẫu điện thoại nào của hãng Xiaomi có giá tầm trung ?
39|điện thoại nào của Xiaomi có giá thành phải chăng nhất và nằm trong tầm trung hiện nay?
39|Mẫu điện thoại nào của Xiaomi phù hợp với ngân sách vừa đủ và trung bình?
39|Tôi muốn mua một chiếc điện thoại giá tầm trung, Xiaomi có những lựa chọn nào?
39|Đâu là những chiếc điện thoại của Xiaomi vẫn đáng mua với giá tầm trung?
39|Mua điện thoại nào của Xiaomi vừa phù hợp với túi tiền vừa đáp ứng nhu cầu tầm trung?
39|với khoảng 10 triệu đồng thì tôi có thể mua điện thoại nào tầm trung của hãng Xiaomi?
39|Tôi nên chọn mẫu điện thoại nào tầm trung của Xiaomi nếu tôi chỉ có khoảng 10 triệu đồng?
39|dưới 15 triệu đồng thì tôi có thể mua điện thoại nào của hãng Xiaomi với mức giá tầm trung?
39|Tôi nên chọn mẫu điện thoại nào với giá thành trong tầm trung của Xiaomi nếu tôi chỉ có khoảng dưới 15 triệu đồng?
39|dưới 15 triệu đồng, tôi có thể mua được những sản phẩm điện thoại Xiaomi nào với tính năng tốt nhất?
39|Đâu là những mẫu điện thoại của Xiaomi phù hợp với học sinh, sinh viên ở phân khúc tầm trung?
39|Mẫu điện thoại nào của Xiaomi có thiết kế đẹp nhưng giá thành nằm trong khoảng tầm trung ?
39|Tôi muốn tìm một chiếc điện thoại của hãng Xiaomi giá nằm trong phân khúc tầm trung để làm quà tặng, có gợi ý nào không?
39|với mức giá tầm trung thì người mua có thể sở hữu được chiếc điện thoại nào của hãng Xiaomi?
40|phân khúc giá cận cao cấp của điện thoại hãng Xiaomi gồm những sản phẩm nào?
40|Xiaomi có phân khúc điện thoại giá cận cao cấp không, và bao gồm những điện thoại nào?
40|Những mẫu điện thoại nào của hãng Xiaomi có giá cận cao cấp ?
40|điện thoại nào của Xiaomi có giá thành dành cho những người sang trọng và yêu công nghệ và nằm trong mức cận cao cấp hiện nay?
40|Mẫu điện thoại nào của Xiaomi phù hợp với ngân sách cận cao cấp có thể gọi là thong thả ?
40|Tôi muốn mua một chiếc điện thoại giá cận cao cấp , Xiaomi có những lựa chọn nào?
40|Đâu là những chiếc điện thoại của Xiaomi vẫn đáng mua với giá cận cao cấp ?
40|Mua điện thoại nào của Xiaomi vừa dành cho những người sang trọng vừa đáp ứng nhu cầu cận cao cấp ?
40|với khoảng 15 triệu đồng thì tôi có thể mua điện thoại nào cận cao cấp của hãng Xiaomi?
40|Tôi nên chọn mẫu điện thoại nào cận cao cấp của Xiaomi nếu tôi chỉ có khoảng dưới 20 triệu đồng?
40|dưới 20 triệu đồng thì tôi có thể mua điện thoại nào của hãng Xiaomi với mức giá cận cao cấp ?
40|Tôi nên chọn mẫu điện thoại nào trong phân khúc cận cao cấp của Xiaomi nếu tôi chỉ có khoảng dưới 20 triệu đồng?
40|dưới 20 triệu đồng, tôi có thể mua được những sản phẩm điện thoại nào của hãng Xiaomi với tính năng tốt nhất?
40|Đâu là những mẫu điện thoại của Xiaomi phù hợp ở phân khúc cận cao cấp ?
40|Mẫu điện thoại nào của Xiaomi có thiết kế đẹp, sang trọng và có mức giá ở phân khúc cận cao cấp ?
40|Tôi muốn tìm một chiếc điện thoại của hãng Xiaomi giá nằm trong phân khúc cận cao cấp để làm quà tặng, có gợi ý nào không?
40|với mức giá cận cao cấp thì người mua có thể sở hữu được chiếc điện thoại nào của hãng Xiaomi?
41|phân khúc giá cao cấp của điện thoại hãng Xiaomi gồm những sản phẩm nào?
41|Xiaomi có phân khúc điện thoại giá cao cấp không, và bao gồm những điện thoại nào?
41|Những mẫu điện thoại nào của hãng Xiaomi có giá cao cấp ?
41|điện thoại nào của Xiaomi có giá thành dành cho những người đẳng cấp và nằm trong mức cao cấp hiện nay?
41|Mẫu điện thoại nào của Xiaomi phù hợp với ngân sách nằm trong phân khúc cao cấp?
41|Tôi muốn mua một chiếc điện thoại với mức giá cao cấp , Xiaomi có những lựa chọn nào?
41|Đâu là những chiếc điện thoại của Xiaomi vẫn đáng mua với giá cao cấp?
41|Mua điện thoại nào của Xiaomi vừa dành cho những người dùng ở phân khúc cao cấp vừa cho trải nghiệm vượt trội?
41|trên 20 triệu đồng thì tôi có thể mua điện thoại nào thuộc hàng cao cấp của hãng Xiaomi?
41|Tôi nên chọn mẫu điện thoại nào cao cấp của Xiaomi nếu tôi có trên 20 triệu đồng?
41|trên 20 triệu đồng thì tôi có thể mua điện thoại nào của hãng Xiaomi với mức giá phân khúc cao cấp?
41|Tôi nên chọn mẫu điện thoại nào trong phân khúc cao cấp của Xiaomi nếu tôi có trên 20 triệu đồng?
41|trên 20 triệu đồng, tôi có thể mua được những sản phẩm điện thoại nào của hãng Xiaomi?
41|Đâu là những mẫu điện thoại của Xiaomi phù hợp ở phân khúc cao cấp?
41|Mẫu điện thoại nào của Xiaomi có thiết kế mới nhất, sang trọng nhất và có mức giá ở phân khúc cao cấp?
41|Tôi muốn tìm một chiếc điện thoại của hãng Xiaomi giá nằm trong phân khúc cao cấp để làm quà tặng, có gợi ý nào không?
41|với mức giá cao cấp thì người mua có thể sở hữu được chiếc điện thoại nào của hãng Xiaomi?
42|Giá bán lẻ đề nghị của các mẫu điện thoại Google tại Việt Nam là bao nhiêu?
42|Các mẫu điện thoại Google nào hiện đang được sản xuất và bán tại Việt Nam?
42|Các sản phẩm điện thoại Google đang được sản xuất và bán lẻ trên thị trường Việt Nam là gì?
42|Các sản phẩm điện thoại của hãng Google đang được sản xuất và bán lẻ trên thị trường Việt Nam là gì?
42|Thông tin về các sản phẩm điện thoại của Google chính hãng?
42|Thông tin về các sản phẩm điện thoại Google chính hãng?
42|Ngoài Google Pixel 6a, còn mẫu điện thoại của hãng Google nào khác đang được bán chính hãng tại Việt Nam?
42|Ngoài Google Pixel 6a, còn mẫu điện thoại Google nào khác đang được bán chính hãng tại Việt Nam?
42|Ngoài Google Pixel 7a, còn mẫu điện thoại của hãng Google nào khác đang được bán chính hãng tại Việt Nam?
42|Ngoài Google Pixel 7a, còn mẫu điện thoại Google nào khác đang được bán chính hãng tại Việt Nam?
42|Ngoài Google Pixel 7, còn mẫu điện thoại của hãng Google nào khác đang được bán chính hãng tại Việt Nam?
42|NgoàiGoogle Pixel 7, còn mẫu điện thoại Google nào khác đang được bán chính hãng tại Việt Nam?
42|Ngoài Google Pixel 7 Pro, còn mẫu điện thoại của hãng Google nào khác đang được bán chính hãng tại Việt Nam?
42|Ngoài Google Pixel 7 Pro, còn mẫu điện thoại Google nào khác đang được bán chính hãng tại Việt Nam?
42|Có sự khác biệt nào về giá bán giữa các phiên bản điện thoại Google Pixel?
42|Có sự khác biệt nào về giá bán giữa các phiên bản điện thoại của hãng Google?
42|Giá bán hiện tại của các mẫu điện thoại của hãng Google trên thị trường là bao nhiêu?
42|Giá bán hiện tại của các mẫu điện thoại Google trên thị trường là bao nhiêu?
42|Thông tin về giá bán của những dòng điện thoại hãng Google trên thị trường hiện nay?
42|Thông tin về giá bán của những dòng điện thoại Google trên thị trường hiện nay?
42|Giá bán của các dòng điện thoại Google trên thị trường hiện nay như thế nào?
43|phân khúc giá rẻ của điện thoại hãng Google gồm những sản phẩm nào?
43|Google có phân khúc điện thoại giá rẻ không, và bao gồm những điện thoại nào?
43|Những mẫu điện thoại nào của hãng Google có giá rẻ?
43|điện thoại nào của Google có giá thành phải chăng nhất hiện nay?
43|Mẫu điện thoại nào của Google phù hợp với ngân sách hạn hẹp?
43|Tôi muốn mua một chiếc điện thoại Google giá rẻ, Google có những lựa chọn nào?
43|Đâu là những chiếc điện thoại Google Pixel cũ của hãng Google vẫn đáng mua với giá rẻ?
43|Mua điện thoại Google Pixel nào của Google vừa tiết kiệm chi phí vừa đáp ứng nhu cầu cơ bản?
43|Với 5 triệu đồng thì tôi có thể mua điện thoại nào của hãng Google?
43|Tôi nên chọn mẫu điện thoại nào của Google nếu tôi chỉ có khoảng 5 triệu đồng?
43|Với 7 triệu đồng thì tôi có thể mua điện thoại nào của hãng Google?
43|Tôi nên chọn mẫu điện thoại nào của Google nếu tôi chỉ có khoảng 7 triệu đồng?
43|dưới 7 triệu đồng, tôi có thể mua được những sản phẩm điện thoại Google nào với tính năng tốt nhất?
43|Đâu là những mẫu điện thoại của Google phù hợp với học sinh, sinh viên?
43|Mẫu điện thoại nào của Google có thiết kế đẹp nhưng giá thành lại rẻ?
43|Tôi muốn tìm một chiếc điện thoại của hãng Google giá rẻ để làm quà tặng, có gợi ý nào không?
43|với mức giá rẻ thì người mua có thể sở hữu được chiếc điện thoại nào của hãng Google?
44|phân khúc giá tầm trung của điện thoại hãng Google gồm những sản phẩm nào?
44|Google có phân khúc điện thoại giá tầm trung không, và bao gồm những điện thoại nào?
44|Những mẫu điện thoại nào của hãng Google có giá tầm trung?
44|điện thoại nào của Google có giá thành phải chăng nhất và nằm trong tầm trung hiện nay?
44|Mẫu điện thoại nào của Google phù hợp với ngân sách vừa đủ và trung bình?
44|Tôi muốn mua một chiếc điện thoại giá tầm trung, Google có những lựa chọn nào?
44|Đâu là những chiếc điện thoại của Google vẫn đáng mua với giá tầm trung?
44|Mua điện thoại nào của Google vừa phù hợp với túi tiền vừa đáp ứng nhu cầu tầm trung?
44|với khoảng 10 triệu đồng thì tôi có thể mua điện thoại nào tầm trung của hãng Google?
44|Tôi nên chọn mẫu điện thoại nào tầm trung của Google nếu tôi chỉ có khoảng 10 triệu đồng?
44|dưới 15 triệu đồng thì tôi có thể mua điện thoại nào của hãng Google với mức giá tầm trung?
44|Tôi nên chọn mẫu điện thoại nào với giá thành trong tầm trung của Google nếu tôi chỉ có khoảng dưới 15 triệu đồng?
44|dưới 15 triệu đồng, tôi có thể mua được những sản phẩm điện thoại Google nào với tính năng tốt nhất?
44|Đâu là những mẫu điện thoại của Google phù hợp với học sinh, sinh viên ở phân khúc tầm trung?
44|Mẫu điện thoại nào của Google có thiết kế đẹp nhưng giá thành nằm trong khoảng tầm trung ?
44|Tôi muốn tìm một chiếc điện thoại của hãng Google giá nằm trong phân khúc tầm trung để làm quà tặng, có gợi ý nào không?
44|với mức giá tầm trung thì người mua có thể sở hữu được chiếc điện thoại nào của hãng Google?
45|phân khúc giá cận cao cấp của điện thoại hãng Google gồm những sản phẩm nào?
45|Google có phân khúc điện thoại giá cận cao cấp không, và bao gồm những điện thoại nào?
45|Những mẫu điện thoại nào của hãng Google có giá cận cao cấp ?
45|điện thoại nào của Google có giá thành dành cho những người sang trọng và yêu công nghệ và nằm trong mức cận cao cấp hiện nay?
45|Mẫu điện thoại nào của Google phù hợp với ngân sách cận cao cấp có thể gọi là thong thả ?
45|Tôi muốn mua một chiếc điện thoại giá cận cao cấp , Google có những lựa chọn nào?
45|Đâu là những chiếc điện thoại của Google vẫn đáng mua với giá cận cao cấp ?
45|Mua điện thoại nào của Google vừa dành cho những người sang trọng vừa đáp ứng nhu cầu cận cao cấp ?
45|với khoảng 15 triệu đồng thì tôi có thể mua điện thoại nào cận cao cấp của hãng Google?
45|Tôi nên chọn mẫu điện thoại nào cận cao cấp của Google nếu tôi chỉ có khoảng dưới 20 triệu đồng?
45|dưới 20 triệu đồng thì tôi có thể mua điện thoại nào của hãng Google với mức giá cận cao cấp ?
45|Tôi nên chọn mẫu điện thoại nào trong phân khúc cận cao cấp của Google nếu tôi chỉ có khoảng dưới 20 triệu đồng?
45|dưới 20 triệu đồng, tôi có thể mua được những sản phẩm điện thoại nào của hãng Google với tính năng tốt nhất?
45|Đâu là những mẫu điện thoại của Google phù hợp ở phân khúc cận cao cấp ?
45|Mẫu Google Pixel nào của Google có thiết kế đẹp, sang trọng và có mức giá ở phân khúc cận cao cấp ?
45|Tôi muốn tìm một chiếc điện thoại của hãng Google giá nằm trong phân khúc cận cao cấp để làm quà tặng, có gợi ý nào không?
45|với mức giá cận cao cấp thì người mua có thể sở hữu được chiếc điện thoại nào của hãng Google?
46|phân khúc giá cao cấp của điện thoại hãng Google gồm những sản phẩm nào?
46|Google có phân khúc điện thoại giá cao cấp không, và bao gồm những điện thoại nào?
46|Những mẫu điện thoại nào của hãng Google có giá cao cấp ?
46|điện thoại nào của Google có giá thành dành cho những người đẳng cấp và nằm trong mức cao cấp hiện nay?
46|Mẫu điện thoại nào của Google phù hợp với ngân sách nằm trong phân khúc cao cấp?
46|Tôi muốn mua một chiếc điện thoại với mức giá cao cấp , Google có những lựa chọn nào?
46|Đâu là những chiếc điện thoại của Google vẫn đáng mua với giá cao cấp ?
46|Mua điện thoại nào của Google vừa dành cho những người dùng ở phân khúc cao cấp vừa cho trải nghiệm vượt trội?
46|trên 20 triệu đồng thì tôi có thể mua điện thoại nào thuộc hàng cao cấp của hãng Google?
46|Tôi nên chọn mẫu điện thoại nào cao cấp của Google nếu tôi có trên 20 triệu đồng?
46|trên 20 triệu đồng thì tôi có thể mua điện thoại nào của hãng Google với mức giá phân khúc cao cấp ?
46|Tôi nên chọn mẫu điện thoại nào trong phân khúc cao cấp của Google nếu tôi có trên 20 triệu đồng?
46|trên 20 triệu đồng, tôi có thể mua được những sản phẩm điện thoại nào của hãng Google ?
46|Đâu là những mẫu điện thoại của Google phù hợp ở phân khúc cao cấp ?
46|Mẫu điện thoại nào của Google có thiết kế mới nhất, sang trọng nhất và có mức giá ở phân khúc cao cấp ?
46|Tôi muốn tìm một chiếc điện thoại của hãng Google giá nằm trong phân khúc cao cấp để làm quà tặng, có gợi ý nào không?
46|với mức giá cao cấp thì người mua có thể sở hữu được chiếc điện thoại nào của hãng Google?
47|Thị trường máy tính bảng hiện nay được chia thành những phân khúc nào?
47|Phân khúc máy tính bảng nào đang được người tiêu dùng quan tâm nhất?
47|Phân khúc máy tính bảng nào có sự cạnh tranh khốc liệt nhất hiện nay?
47|Các phân khúc máy tính bảng nào đang được ưa chuộng nhất hiện nay?
47|Thị trường máy tính bảng đang tập trung vào những phân khúc nào?
47|Xu hướng phân khúc nào đang dẫn đầu thị trường máy tính bảng?
47|Phân khúc máy tính bảng nào đang thu hút sự quan tâm lớn nhất?
47|Những phân khúc máy tính bảng nào đang nổi lên mạnh mẽ?
47|Phân khúc nào đang chiếm lĩnh thị trường máy tính bảng hiện tại?
47|Thị trường máy tính bảng hiện nay có những phân khúc chủ đạo nào?
47|Các nhà sản xuất đang tập trung vào phân khúc máy tính bảng nào?
47|Phân khúc máy tính bảng nào đang phát triển nhanh nhất?
47|Phân khúc máy tính bảng nào đang được người dùng quan tâm nhiều nhất?
47|Thị trường máy tính bảng đang có sự cạnh tranh mạnh mẽ ở phân khúc nào?
47|Thị trường máy tính bảng đang có những phân khúc nào đáng chú ý?
47|Thị trường máy tính bảng đang có những phân khúc nào nổi trội?
47|Thị trường máy tính bảng đang có những phân khúc nào hấp dẫn?
47|Phân khúc máy tính bảng nào đang được người dùng ưa thích?
47|Thị trường máy tính bảng hiện tại có những phân khúc nào?
47|Các phân khúc chính trong thị trường máy tính bảng là gì?
47|Thị trường máy tính bảng được phân loại như thế nào?
47|Có những loại máy tính bảng nào trên thị trường hiện nay?
47|Thị trường máy tính bảng có những phân khúc giá nào?
47|Các phân khúc thị trường máy tính bảng phổ biến nhất là gì?
47|Thị trường máy tính bảng có những phân khúc tính năng nào?
47|Thị trường máy tính bảng có những phân khúc sản phẩm nào?
48|Apple có những loại phân khúc giá máy tính bảng như thế nào?
48|Apple chia làm bao nhiêu phân khúc máy tính bảng ?
48|Tôi muốn tham khảo phân khúc giá của máy tính bảng Apple hiện nay?
48|Trên thị trường, dựa theo giá bán máy tính bảng thì Apple chia làm bao nhiêu phân khúc?
48|Các dòng máy tính bảng iPhone hiện nay được chia thành những phân khúc giá nào?
48|Máy tính bảng Apple có những mức giá nào?
48|iPad được chia thành những phân khúc giá nào?
48|Giá cả của các dòng iPad khác nhau như thế nào?
48|Tôi có thể mua iPad với giá bao nhiêu?
48|Các tùy chọn giá cho iPad là gì?
48|Apple cung cấp những loại iPad nào ở các mức giá khác nhau?
48|Apple chia máy tính bảng của họ thành những phân khúc giá nào?
48|Các mức giá khác nhau cho iPad của Apple là gì?
48|Apple có những lựa chọn iPad nào cho những người có ngân sách khác nhau?
48|Phân khúc giá cho các mẫu iPad khác nhau của Apple như thế nào?
48|Các tùy chọn iPad giá cả phải chăng nhất của Apple là gì?
48|Apple chia máy tính bảng của họ thành những phân khúc giá nào?
48|Các mức giá khác nhau cho iPad của Apple là gì?
48|Apple có những lựa chọn iPad nào cho những người có ngân sách khác nhau?
48|Phân khúc giá cho các mẫu iPad khác nhau của Apple như thế nào?
48|Các tùy chọn iPad giá cả phải chăng nhất của Apple là gì?
48|Giá máy tính bảng Apple hiện nay dao động trong khoảng nào?
48|Phân khúc giá của iPad hiện tại như thế nào?
48|Tôi muốn biết giá bán của các dòng iPad hiện có trên thị trường.
48|Mức giá tham khảo cho máy tính bảng của Apple là bao nhiêu?
48|Các dòng iPad đang được bán với giá bao nhiêu?
48|Giá cả của các mẫu iPad hiện nay là bao nhiêu?
48|Tôi có thể tìm hiểu thông tin về giá của máy tính bảng Apple ở đâu?
48|Giá khởi điểm của iPad là bao nhiêu?
48|Các mẫu iPad khác nhau có giá bán như thế nào?
48|Tôi muốn biết giá của iPad để lựa chọn sản phẩm phù hợp.
48|Giá máy tính bảng iPad dao động từ bao nhiêu đến bao nhiêu?
49|Samsung có những loại phân khúc giá máy tính bảng như thế nào?
49|Samsung chia làm bao nhiêu phân khúc máy tính bảng?
49|Tôi muốn tham khảo phân khúc giá của máy tính bảng Samsung hiện nay?
49|Trên thị trường, dựa theo giá bán máy tính bảng thì Samsung chia làm bao nhiêu phân khúc?
49|Các dòng máy tính bảng Samsung hiện nay được chia thành những phân khúc giá nào?
49|Máy tính bảng Samsung hiện nay có những mức giá nào?
49|Phân khúc giá của các dòng máy tính bảng Samsung như thế nào?
49|Giá bán của các dòng máy tính bảng Samsung dao động trong khoảng nào?
49|Các dòng máy tính bảng Samsung có giá khởi điểm là bao nhiêu?
49|Mức giá trung bình của máy tính bảng Samsung là bao nhiêu?
49|Giá bán của máy tính bảng Samsung có khác nhau giữa các cửa hàng không?
49|Tôi có thể tìm hiểu thông tin về giá của máy tính bảng Samsung ở đâu?
49|Các dòng máy tính bảng Samsung cao cấp có giá bao nhiêu?
49|Máy tính bảng Samsung giá rẻ có những lựa chọn nào?
49|Giá máy tính bảng Samsung hiện nay như thế nào?
49|Phân khúc giá máy tính bảng Samsung trên thị trường là gì?
49|Máy tính bảng Samsung có những mức giá nào?
49|Các dòng máy tính bảng Samsung có giá bán ra sao?
49|Tôi muốn biết giá cả của các loại máy tính bảng Samsung?
49|Giá máy tính bảng Samsung dao động trong khoảng nào?
49|Máy tính bảng Samsung có giá trung bình là bao nhiêu?
49|Phân khúc giá máy tính bảng Samsung được chia như thế nào?
49|Mức giá của máy tính bảng Samsung hiện tại là bao nhiêu?
49|Giá bán của máy tính bảng Samsung có đắt không?
49|Các mẫu máy tính bảng Samsung có giá thành ra sao?
49|Tôi muốn tìm hiểu về giá của các dòng máy tính bảng Samsung?
50|Xiaomi có những loại phân khúc giá máy tính bảng như thế nào?
50|Xiaomi chia làm bao nhiêu phân khúc máy tính bảng ?
50|Tôi muốn tham khảo phân khúc giá của máy tính bảng Xiaomi hiện nay?
50|Trên thị trường, dựa theo giá bán máy tính bảng thì Xiaomi chia làm bao nhiêu phân khúc?
50|Các dòng máy tính bảng Xiaomi hiện nay được chia thành những phân khúc giá nào?
50|Máy tính bảng Xiaomi có những mức giá nào?
50|Xiaomi có những dòng máy tính bảng nào thuộc phân khúc giá rẻ?
50|Máy tính bảng Xiaomi tầm trung có giá khoảng bao nhiêu?
50|Phân khúc giá cao của máy tính bảng Xiaomi bắt đầu từ mức nào?
50|Các dòng máy tính bảng Xiaomi được phân loại theo giá như thế nào?
50|Máy tính bảng Xiaomi có những mức giá nào phù hợp với sinh viên?
50|Giá máy tính bảng Xiaomi có sự khác biệt lớn giữa các dòng không?
50|Giá máy tính bảng Xiaomi hiện nay dao động như thế nào?
50|Phân khúc giá của máy tính bảng Xiaomi hiện nay là bao nhiêu?
50|Tôi muốn biết giá bán của các dòng máy tính bảng Xiaomi trên thị trường?
50|Giá máy tính bảng Xiaomi hiện tại có đắt không?
50|Các dòng máy tính bảng Xiaomi có giá thành ra sao?
50|Giá cả của máy tính bảng Xiaomi có phù hợp với túi tiền của tôi không?
50|Tôi muốn tìm hiểu về giá của các loại máy tính bảng Xiaomi?
50|Các mẫu máy tính bảng Xiaomi có giá bán như thế nào?
50|Tôi muốn tìm hiểu về giá cả của máy tính bảng Xiaomi mới nhất?
51|Lenovo có những loại phân khúc giá máy tính bảng như thế nào?
51|Lenovo chia làm bao nhiêu phân khúc máy tính bảng ?
51|Tôi muốn tham khảo phân khúc giá của máy tính bảng Lenovo hiện nay?
51|Trên thị trường, dựa theo giá bán máy tính bảng thì Lenovo chia làm bao nhiêu phân khúc?
51|Các dòng máy tính bảng Lenovo hiện nay được chia thành những phân khúc giá nào?
51|Máy tính bảng Lenovo có những mức giá nào?
51|Lenovo cung cấp máy tính bảng ở những phân khúc giá nào?
51|Giá của các dòng máy tính bảng Lenovo khác nhau như thế nào?
51|Tôi có thể tìm thấy máy tính bảng Lenovo trong khoảng giá nào?
51|Các lựa chọn giá cả cho máy tính bảng Lenovo là gì?
51|Lenovo có những dòng máy tính bảng nào với giá cả phải chăng?
51|Giá khởi điểm cho máy tính bảng Lenovo là bao nhiêu?
51|Giá trung bình của máy tính bảng Lenovo là bao nhiêu?
51|Cho tôi biết giá cả của các máy tính bảng Lenovo hiện nay như thế nào?
51|Tôi muốn biết phân khúc giá của máy tính bảng Lenovo trên thị trường hiện tại.
51|Giá máy tính bảng Lenovo hiện nay dao động trong khoảng nào?
51|Hiện nay, giá bán máy tính bảng Lenovo là bao nhiêu?
51|Giá các loại máy tính bảng Lenovo hiện nay là bao nhiêu?
51|Tôi muốn biết giá máy tính bảng Lenovo trên thị trường.
51|Giá của máy tính bảng Lenovo hiện tại là bao nhiêu?
51|Tôi muốn tham khảo giá máy tính bảng Lenovo.
51|Giá cả của máy tính bảng Lenovo hiện nay ra sao?
51|Phân khúc giá của máy tính bảng Lenovo hiện tại như thế nào?
51|Giá máy tính bảng của Lenovo hiện nay là bao nhiêu?
51|Giá của các dòng máy tính bảng Lenovo hiện nay là bao nhiêu?
51|Tôi muốn biết giá bán máy tính bảng Lenovo.
51|Giá máy tính bảng Lenovo hiện tại dao động từ bao nhiêu đến bao nhiêu?
51|Tôi muốn tham khảo giá của các dòng máy tính bảng Lenovo.
51|Giá máy tính bảng Lenovo hiện nay có đắt không?
51|Các dòng máy tính bảng Lenovo có giá bao nhiêu?
51|Tôi muốn tìm hiểu về giá cả của máy tính bảng Lenovo.
51|Giá của máy tính bảng Lenovo hiện nay có phù hợp không?
52|Giá bán lẻ đề nghị của các mẫu máy tính bảng iPad tại Việt Nam là bao nhiêu?
52|Các mẫu máy tính bảng iPad nào hiện đang được sản xuất và bán tại Việt Nam?
52|Các sản phẩm máy tính bảng iPad đang được sản xuất và bán lẻ trên thị trường Việt Nam là gì?
52|Các sản phẩm máy tính bảng của hãng Apple đang được sản xuất và bán lẻ trên thị trường Việt Nam là gì?
52|Thông tin về các sản phẩm máy tính bảng của Apple chính hãng?
52|Thông tin về các sản phẩm máy tính bảng iPad chính hãng?
52|Ngoài iPad, còn mẫu máy tính bảng của hãng Apple nào khác đang được bán chính hãng tại Việt Nam?
52|Ngoài iPad, còn mẫu máy tính bảng iPad nào khác đang được bán chính hãng tại Việt Nam?
52|Ngoài iPad Air, còn mẫu máy tính bảng của hãng Apple nào khác đang được bán chính hãng tại Việt Nam?
52|Ngoài iPad Air, còn mẫu máy tính bảng iPad nào khác đang được bán chính hãng tại Việt Nam?
52|Ngoài iPad Pro, còn mẫu máy tính bảng của hãng Apple nào khác đang được bán chính hãng tại Việt Nam?
52|Ngoài iPad Pro, còn mẫu máy tính bảng iPad nào khác đang được bán chính hãng tại Việt Nam?
52|Có sự khác biệt nào về giá bán giữa các phiên bản máy tính bảng iPad?
52|Có sự khác biệt nào về giá bán giữa các phiên bản máy tính bảng của hãng Apple?
52|Giá bán hiện tại của các mẫu máy tính bảng của hãng Apple trên thị trường là bao nhiêu?
52|Giá bán hiện tại của các mẫu máy tính bảng iPad trên thị trường là bao nhiêu?
52|Thông tin về giá bán của những dòng điện thoại hãng Apple trên thị trường hiện nay?
52|Thông tin về giá bán của những dòng máy tính bảng iPad trên thị trường hiện nay?
52|Giá bán của các dòng máy tính bảng iPad trên thị trường hiện nay như thế nào?
52|Những mẫu iPad nào của Apple hiện có bán tại Việt Nam và giá của chúng là bao nhiêu?
52|Apple đang bán những máy tính bảng nào ở Việt Nam, và giá của từng mẫu là bao nhiêu?
52|Tôi có thể tìm thấy thông tin về giá của tất cả các mẫu iPad hiện có ở Việt Nam ở đâu?
52|Giá bán lẻ hiện tại của các mẫu iPad khác nhau của Apple tại Việt Nam là bao nhiêu?
52|Các mẫu iPad nào của Apple đang có sẵn để mua ở Việt Nam và chi phí của chúng là bao nhiêu?
52|Apple đang cung cấp những mẫu iPad nào ở Việt Nam và giá tương ứng của chúng là bao nhiêu?
52|Tôi có thể mua những mẫu iPad nào của Apple ở Việt Nam và giá của chúng là bao nhiêu?
52|Hiện tại, các mẫu iPad của Apple được bán với giá bao nhiêu tại các cửa hàng ở Việt Nam?
52|Giá thị trường hiện tại của các mẫu iPad khác nhau của Apple ở Việt Nam là bao nhiêu?
52|Tôi có thể tìm thấy danh sách đầy đủ các mẫu iPad có sẵn ở Việt Nam và giá của chúng ở đâu?
52|Các mẫu iPad nào đang được Apple phân phối chính thức tại Việt Nam và giá của chúng là bao nhiêu?
52|Chi phí mua một chiếc iPad mới của Apple ở Việt Nam là bao nhiêu?
52|Những mẫu iPad nào được coi là phổ biến nhất ở Việt Nam và giá của chúng là bao nhiêu?
52|Tôi nên trả bao nhiêu cho một chiếc iPad mới của Apple ở Việt Nam?
52|Bạn có thể cung cấp cho tôi bảng giá cập nhật cho tất cả các mẫu iPad của Apple có sẵn ở Việt Nam không?
52|Các mẫu iPad của Apple có nhiều mức giá khác nhau như thế nào ở Việt Nam?
53|phân khúc giá rẻ phổ thông của máy tính bảng hãng Apple gồm những sản phẩm nào?
53|Apple có phân khúc máy tính bảng giá rẻ không, và bao gồm những điện thoại nào?
53|Những mẫu máy tính bảng nào của hãng Apple có giá rẻ?
53|máy tính bảng nào của Apple có giá thành phải chăng nhất hiện nay?
53|Mẫu iPad nào của Apple phù hợp với ngân sách hạn hẹp?
53|Tôi muốn mua một chiếc iPad giá rẻ, Apple có những lựa chọn nào?
53|Đâu là những chiếc iPad của Apple vẫn đáng mua với giá rẻ?
53|Mua iPad nào của Apple vừa tiết kiệm chi phí vừa đáp ứng nhu cầu cơ bản?
53|Với 5 triệu đồng thì tôi có thể mua máy tính bảng iPad nào của hãng Apple?
53|Tôi nên chọn mẫu iPad nào của Apple nếu tôi chỉ có khoảng 5 triệu đồng?
53|Với 10 triệu đồng thì tôi có thể mua máy tính bảng iPad nào của hãng Apple?
53|Tôi nên chọn mẫu iPad nào của Apple nếu tôi chỉ có khoảng 10 triệu đồng?
53|dưới 10 triệu đồng, tôi có thể mua được những sản phẩm iPad nào?
53|Đâu là những mẫu máy tính bảng iPad của Apple phù hợp với học sinh, sinh viên?
53|Mẫu iPad nào của Apple có thiết kế đẹp nhưng giá thành lại rẻ?
53|Tôi muốn tìm một chiếc máy tính bảng của hãng Apple giá rẻ để làm quà tặng, có gợi ý nào không?
53|với mức giá rẻ thì người mua có thể sở hữu được chiếc máy tính bảng nào của hãng Apple?
54|phân khúc giá tầm trung của máy tính bảng hãng Apple gồm những sản phẩm nào?
54|Apple có phân khúc máy tính bảng giá tầm trung không, và bao gồm những điện thoại nào?
54|Những mẫu máy tính bảng nào của hãng Apple có giá tầm trung ?
54|máy tính bảng nào của Apple có giá thành phải chăng nhất và nằm trong tầm trung hiện nay?
54|Mẫu iPad nào của Apple phù hợp với ngân sách vừa đủ và trung bình?
54|Tôi muốn mua một chiếc iPad giá tầm trung, Apple có những lựa chọn nào?
54|Đâu là những chiếc iPad của Apple vẫn đáng mua với giá tầm trung?
54|Mua iPad nào của Apple vừa phù hợp với túi tiền vừa đáp ứng nhu cầu tầm trung?
54|với khoảng 10 triệu đồng thì tôi có thể mua máy tính bảng iPad nào tầm trung của hãng Apple?
54|Tôi nên chọn mẫu iPad nào tầm trung của Apple nếu tôi chỉ có khoảng 10 triệu đồng?
54|dưới 15 triệu đồng thì tôi có thể mua máy tính bảng iPad nào của hãng Apple với mức giá tầm trung?
54|Tôi nên chọn mẫu iPad nào với giá thành trong tầm trung của Apple nếu tôi chỉ có khoảng dưới 15 triệu đồng?
54|dưới 15 triệu đồng, tôi có thể mua được những sản phẩm ipad nào?
54|Đâu là những mẫu máy tính bảng iPad của Apple phù hợp với học sinh, sinh viên ở phân khúc tầm trung?
54|Mẫu iPad nào của Apple có thiết kế đẹp nhưng giá thành nằm trong khoảng tầm trung ?
54|Tôi muốn tìm một chiếc máy tính bảng của hãng Apple giá nằm trong phân khúc tầm trung để làm quà tặng, có gợi ý nào không?
54|với mức giá tầm trung thì người mua có thể sở hữu được chiếc máy tính bảng nào của hãng Apple?
55|phân khúc giá cao cấp của máy tính bảng hãng Apple gồm những sản phẩm nào?
55|Apple có phân khúc máy tính bảng giá cao cấp không, và bao gồm những điện thoại nào?
55|Những mẫu máy tính bảng nào của hãng Apple có giá cao cấp ?
55|máy tính bảng nào của Apple có giá thành dành cho những người đẳng cấp và nằm trong mức cao cấp hiện nay?
55|Mẫu iPad nào của Apple phù hợp với ngân sách nằm trong phân khúc cao cấp?
55|Tôi muốn mua một chiếc iPad với mức giá cao cấp , Apple có những lựa chọn nào?
55|Đâu là những chiếc iPad của Apple vẫn đáng mua với giá cao cấp ?
55|Mua iPad nào của Apple vừa dành cho những người dùng ở phân khúc cao cấp vừa cho trải nghiệm vượt trội?
55|trên 20 triệu đồng thì tôi có thể mua máy tính bảng iPad nào cao cấp của hãng Apple?
55|Tôi nên chọn mẫu iPad nào cao cấp của Apple nếu tôi có trên 20 triệu đồng?
55|trên 20 triệu đồng thì tôi có thể mua máy tính bảng iPad nào của hãng Apple với mức giá phân khúc cao cấp ?
55|Tôi nên chọn mẫu iPad nào trong phân khúc cao cấp của Apple nếu tôi có trên 20 triệu đồng?
55|trên 20 triệu đồng, tôi có thể mua được những sản phẩm ipad nào của hãng Apple?
55|Đâu là những mẫu máy tính bảng iPad của Apple phù hợp ở phân khúc cao cấp ?
55|Mẫu iPad nào của Apple có thiết kế mới, sang trọng nhất và có mức giá ở phân khúc cao cấp ?
55|Tôi muốn tìm một chiếc máy tính bảng của hãng Apple giá nằm trong phân khúc cao cấp để làm quà tặng, có gợi ý nào không?
55|với mức giá cao cấp thì người mua có thể sở hữu được chiếc máy tính bảng nào của hãng Apple?
56|Giá bán lẻ đề nghị của các mẫu máy tính bảng Samsung tại Việt Nam là bao nhiêu?
56|Các mẫu máy tính bảng Samsung nào hiện đang được sản xuất và bán tại Việt Nam?
56|Các sản phẩm máy tính bảng Samsung đang được sản xuất và bán lẻ trên thị trường Việt Nam là gì?
56|Các sản phẩm máy tính bảng của hãng Samsung đang được sản xuất và bán lẻ trên thị trường Việt Nam là gì?
56|Thông tin về các sản phẩm máy tính bảng của Samsung chính hãng?
56|Thông tin về các sản phẩm máy tính bảng Galaxy Tab chính hãng?
56|Ngoài Galaxy Tab S9 Ultra, còn mẫu máy tính bảng của hãng Samsung nào khác đang được bán chính hãng tại Việt Nam?
56|Ngoài Galaxy Tab S9 Ultra, còn mẫu máy tính bảng Samsung nào khác đang được bán chính hãng tại Việt Nam?
56|Ngoài Galaxy Tab S9+, còn mẫu máy tính bảng của hãng Samsung nào khác đang được bán chính hãng tại Việt Nam?
56|Ngoài Galaxy Tab S9+, còn mẫu máy tính bảng Samsung nào khác đang được bán chính hãng tại Việt Nam?
56|Ngoài Galaxy Tab S9, còn mẫu máy tính bảng của hãng Samsung nào khác đang được bán chính hãng tại Việt Nam?
56|Ngoài Galaxy Tab S9, còn mẫu máy tính bảng Samsung nào khác đang được bán chính hãng tại Việt Nam?
56|Ngoài Galaxy Tab S9, còn mẫu máy tính bảng của hãng Samsung nào khác đang được bán chính hãng tại Việt Nam?
56|Ngoài Galaxy Tab S9, còn mẫu máy tính bảng Samsung nào khác đang được bán chính hãng tại Việt Nam?"
56|Có sự khác biệt nào về giá bán giữa các phiên bản máy tính bảng Samsung?
56|Có sự khác biệt nào về giá bán giữa các phiên bản máy tính bảng của hãng Samsung?
56|Giá bán hiện tại của các mẫu máy tính bảng của hãng Samsung trên thị trường là bao nhiêu?
56|Giá bán hiện tại của các mẫu máy tính bảng Samsung trên thị trường là bao nhiêu?
56|Thông tin về giá bán của những dòng điện thoại hãng Samsung trên thị trường hiện nay?
56|Thông tin về giá bán của những dòng máy tính bảng Samsung trên thị trường hiện nay?
56|Giá bán của các dòng máy tính bảng Samsung trên thị trường hiện nay như thế nào?
57|phân khúc giá rẻ phổ thông của máy tính bảng hãng Samsung gồm những sản phẩm nào?
57|Samsung có phân khúc máy tính bảng giá rẻ không, và bao gồm những điện thoại nào?
57|Những mẫu máy tính bảng nào của hãng Samsung có giá rẻ?
57|máy tính bảng nào của Samsung có giá thành phải chăng nhất hiện nay?
57|Mẫu máy tính bảng nào của Samsung phù hợp với ngân sách hạn hẹp?
57|Tôi muốn mua một chiếc máy tính bảng giá rẻ, Samsung có những lựa chọn nào?
57|Đâu là những chiếc máy tính bảng của Samsung vẫn đáng mua với giá rẻ?
57|Mua máy tính bảng nào của Samsung vừa tiết kiệm chi phí vừa đáp ứng nhu cầu cơ bản?
57|Với 5 triệu đồng thì tôi có thể mua máy tính bảng nào của hãng Samsung?
57|Tôi nên chọn mẫu máy tính bảng nào của Samsung nếu tôi chỉ có khoảng 5 triệu đồng?
57|Với 10 triệu đồng thì tôi có thể mua máy tính bảng nào của hãng Samsung?
57|Tôi nên chọn mẫu máy tính bảng nào của Samsung nếu tôi chỉ có khoảng 10 triệu đồng?
57|dưới 10 triệu đồng, tôi có thể mua được những sản phẩm máy tính bảng Samsung nào?
57|Đâu là những mẫu máy tính bảng của Samsung phù hợp với học sinh, sinh viên?
57|Mẫu máy tính bảng nào của Samsung có thiết kế đẹp nhưng giá thành lại rẻ?
57|Tôi muốn tìm một chiếc máy tính bảng của hãng Samsung giá rẻ để làm quà tặng, có gợi ý nào không?
57|với mức giá rẻ thì người mua có thể sở hữu được chiếc máy tính bảng nào của hãng Samsung?
58|phân khúc giá tầm trung của máy tính bảng hãng Samsung gồm những sản phẩm nào?
58|Samsung có phân khúc máy tính bảng giá tầm trung không, và bao gồm những điện thoại nào?
58|Những mẫu máy tính bảng nào của hãng Samsung có giá tầm trung ?
58|máy tính bảng nào của Samsung có giá thành phải chăng nhất và nằm trong tầm trung hiện nay?
58|Mẫu máy tính bảng nào của Samsung phù hợp với ngân sách vừa đủ và trung bình?
58|Tôi muốn mua một chiếc máy tính bảng giá tầm trung, Samsung có những lựa chọn nào?
58|Đâu là những chiếc máy tính bảng của Samsung vẫn đáng mua với giá tầm trung?
58|Mua máy tính bảng nào của Samsung vừa phù hợp với túi tiền vừa đáp ứng nhu cầu tầm trung?
58|với khoảng 10 triệu đồng thì tôi có thể mua máy tính bảng nào tầm trung của hãng Samsung?
58|Tôi nên chọn mẫu máy tính bảng nào tầm trung của Samsung nếu tôi chỉ có khoảng 10 triệu đồng?
58|dưới 20 triệu đồng thì tôi có thể mua máy tính bảng nào của hãng Samsung với mức giá tầm trung?
58|Tôi nên chọn mẫu máy tính bảng nào với giá thành trong tầm trung của Samsung nếu tôi chỉ có khoảng dưới 20 triệu đồng?
58|dưới 20 triệu đồng, tôi có thể mua được những sản phẩm máy tính bảng Samsung nào?
58|Đâu là những mẫu máy tính bảng của Samsung phù hợp với học sinh, sinh viên ở phân khúc tầm trung?
58|Mẫu máy tính bảng nào của Samsung có thiết kế đẹp nhưng giá thành nằm trong khoảng tầm trung ?
58|Tôi muốn tìm một chiếc máy tính bảng của hãng Samsung giá nằm trong phân khúc tầm trung để làm quà tặng, có gợi ý nào không?
58|với mức giá tầm trung thì người mua có thể sở hữu được chiếc máy tính bảng nào của hãng Samsung?
59|phân khúc giá cao cấp của máy tính bảng hãng Samsung gồm những sản phẩm nào?
59|Samsung có phân khúc máy tính bảng giá cao cấp không, và bao gồm những điện thoại nào?
59|Những mẫu máy tính bảng nào của hãng Samsung có giá cao cấp ?
59|máy tính bảng nào của Samsung có giá thành dành cho những người đẳng cấp và nằm trong mức cao cấp hiện nay?
59|Mẫu máy tính bảng nào của Samsung phù hợp với ngân sách nằm trong phân khúc cao cấp?
59|Tôi muốn mua một chiếc máy tính bảng với mức giá cao cấp , Samsung có những lựa chọn nào?
59|Đâu là những chiếc máy tính bảng của Samsung vẫn đáng mua với giá cao cấp ?
59|Mua máy tính bảng nào của Samsung vừa dành cho những người dùng ở phân khúc cao cấp vừa cho trải nghiệm vượt trội?
59|trên 20 triệu đồng thì tôi có thể mua máy tính bảng nào cao cấp của hãng Samsung?
59|Tôi nên chọn mẫu máy tính bảng nào cao cấp của Samsung nếu tôi có trên 20 triệu đồng?
59|trên 20 triệu đồng thì tôi có thể mua máy tính bảng nào của hãng Samsung với mức giá phân khúc cao cấp ?
59|Tôi nên chọn mẫu máy tính bảng nào trong phân khúc cao cấp của Samsung nếu tôi có trên 20 triệu đồng?
59|trên 20 triệu đồng, tôi có thể mua được những sản phẩm máy tính bảng nào của hãng Samsung?
59|Đâu là những mẫu máy tính bảng của Samsung phù hợp ở phân khúc cao cấp ?
59|Mẫu máy tính bảng nào của Samsung có thiết kế mới, sang trọng nhất và có mức giá ở phân khúc cao cấp ?
59|Tôi muốn tìm một chiếc máy tính bảng của hãng Samsung giá nằm trong phân khúc cao cấp để làm quà tặng, có gợi ý nào không?
59|với mức giá cao cấp thì người mua có thể sở hữu được chiếc máy tính bảng nào của hãng Samsung?
60|Giá bán lẻ đề nghị của các mẫu máy tính bảng Xiaomi tại Việt Nam là bao nhiêu?
60|Các mẫu máy tính bảng Xiaomi nào hiện đang được sản xuất và bán tại Việt Nam?
60|Các sản phẩm máy tính bảng Xiaomi đang được sản xuất và bán lẻ trên thị trường Việt Nam là gì?
60|Các sản phẩm máy tính bảng của hãng Xiaomi đang được sản xuất và bán lẻ trên thị trường Việt Nam là gì?
60|Thông tin về các sản phẩm máy tính bảng của Xiaomi chính hãng?
60|Thông tin về các sản phẩm máy tính bảng Xiaomi Pad chính hãng?
60|Ngoài Xiaomi Pad 6 Max, còn mẫu máy tính bảng của hãng Xiaomi nào khác đang được bán chính hãng tại Việt Nam?
60|Ngoài Xiaomi Pad 6 Max, còn mẫu máy tính bảng Xiaomi nào khác đang được bán chính hãng tại Việt Nam?
60|Ngoài Xiaomi Pad 6S Pro, còn mẫu máy tính bảng của hãng Samsung nào khác đang được bán chính hãng tại Việt Nam?
60|NgoàiXiaomi Pad 6S Pro, còn mẫu máy tính bảng Xiaomi nào khác đang được bán chính hãng tại Việt Nam?
60|Ngoài Xiaomi Pad 6 Pro, còn mẫu máy tính bảng của hãng Xiaomi nào khác đang được bán chính hãng tại Việt Nam?
60|Ngoài Xiaomi Pad 6 Pro, còn mẫu máy tính bảng Xiaomi nào khác đang được bán chính hãng tại Việt Nam?
60|Ngoài Xiaomi Pad 6, còn mẫu máy tính bảng của hãng Xiaomi nào khác đang được bán chính hãng tại Việt Nam?
60|NgoàiXiaomi Pad 6, còn mẫu máy tính bảng Xiaomi nào khác đang được bán chính hãng tại Việt Nam?
60|Ngoài Xiaomi Pad SE, còn mẫu máy tính bảng của hãng Xiaomi nào khác đang được bán chính hãng tại Việt Nam?
60|NgoàiXiaomi Pad SE, còn mẫu máy tính bảng Xiaomi nào khác đang được bán chính hãng tại Việt Nam?
60|Có sự khác biệt nào về giá bán giữa các phiên bản máy tính bảng Xiaomi?
60|Có sự khác biệt nào về giá bán giữa các phiên bản máy tính bảng của hãng Xiaomi?
60|Giá bán hiện tại của các mẫu máy tính bảng của hãng Xiaomi trên thị trường là bao nhiêu?
60|Giá bán hiện tại của các mẫu máy tính bảng Xiaomi trên thị trường là bao nhiêu?
60|Thông tin về giá bán của những dòng điện thoại hãng Xiaomi trên thị trường hiện nay?
60|Thông tin về giá bán của những dòng máy tính bảng Xiaomi trên thị trường hiện nay?
60|Giá bán của các dòng máy tính bảng Xiaomi trên thị trường hiện nay như thế nào?
61|phân khúc giá rẻ phổ thông của máy tính bảng hãng Xiaomi gồm những sản phẩm nào?
61|Xiaomi có phân khúc máy tính bảng giá rẻ không, và bao gồm những điện thoại nào?
61|Những mẫu máy tính bảng nào của hãng Xiaomi có giá rẻ?
61|máy tính bảng nào của Xiaomi có giá thành phải chăng nhất hiện nay?
61|Mẫu máy tính bảng nào của Xiaomi phù hợp với ngân sách hạn hẹp?
61|Tôi muốn mua một chiếc máy tính bảng giá rẻ, Xiaomi có những lựa chọn nào?
61|Đâu là những chiếc máy tính bảng của Xiaomi vẫn đáng mua với giá rẻ?
61|Mua máy tính bảng nào của Xiaomi vừa tiết kiệm chi phí vừa đáp ứng nhu cầu cơ bản?
61|Với 5 triệu đồng thì tôi có thể mua máy tính bảng nào của hãng Xiaomi?
61|Tôi nên chọn mẫu máy tính bảng nào của Xiaomi nếu tôi chỉ có khoảng 5 triệu đồng?
61|Với 10 triệu đồng thì tôi có thể mua máy tính bảng nào của hãng Xiaomi?
61|Tôi nên chọn mẫu máy tính bảng nào của Xiaomi nếu tôi chỉ có khoảng 10 triệu đồng?
61|dưới 10 triệu đồng, tôi có thể mua được những sản phẩm máy tính bảng Xiaomi nào?
61|Đâu là những mẫu máy tính bảng của Xiaomi phù hợp với học sinh, sinh viên?
61|Mẫu máy tính bảng nào của Xiaomi có thiết kế đẹp nhưng giá thành lại rẻ?
61|Tôi muốn tìm một chiếc máy tính bảng của hãng Xiaomi giá rẻ để làm quà tặng, có gợi ý nào không?
61|với mức giá rẻ thì người mua có thể sở hữu được chiếc máy tính bảng nào của hãng Xiaomi?
62|phân khúc giá tầm trung của máy tính bảng hãng Xiaomi gồm những sản phẩm nào?
62|Xiaomi có phân khúc máy tính bảng giá tầm trung không, và bao gồm những điện thoại nào?
62|Những mẫu máy tính bảng nào của hãng Xiaomi có giá tầm trung ?
62|máy tính bảng nào của Xiaomi có giá thành phải chăng nhất và nằm trong tầm trung hiện nay?
62|Mẫu máy tính bảng nào của Xiaomi phù hợp với ngân sách vừa đủ và trung bình?
62|Tôi muốn mua một chiếc máy tính bảng giá tầm trung, Xiaomi có những lựa chọn nào?
62|Đâu là những chiếc máy tính bảng của Xiaomi vẫn đáng mua với giá tầm trung?
62|Mua máy tính bảng nào của Xiaomi vừa phù hợp với túi tiền vừa đáp ứng nhu cầu tầm trung?
62|với khoảng 10 triệu đồng thì tôi có thể mua máy tính bảng nào tầm trung của hãng Xiaomi?
62|Tôi nên chọn mẫu máy tính bảng nào tầm trung của Xiaomi nếu tôi chỉ có khoảng 10 triệu đồng?
62|dưới 20 triệu đồng thì tôi có thể mua máy tính bảng nào của hãng Xiaomi với mức giá tầm trung?
62|Tôi nên chọn mẫu máy tính bảng nào với giá thành trong tầm trung của Xiaomi nếu tôi chỉ có khoảng dưới 20 triệu đồng?
62|dưới 20 triệu đồng, tôi có thể mua được những sản phẩm Xiaomi Pad nào?
62|Đâu là những mẫu máy tính bảng của Xiaomi phù hợp với học sinh, sinh viên ở phân khúc tầm trung?
62|Mẫu máy tính bảng nào của Xiaomi có thiết kế đẹp nhưng giá thành nằm trong khoảng tầm trung ?
62|Tôi muốn tìm một chiếc máy tính bảng của hãng Xiaomi giá nằm trong phân khúc tầm trung để làm quà tặng, có gợi ý nào không?
62|với mức giá tầm trung thì người mua có thể sở hữu được chiếc máy tính bảng nào của hãng Xiaomi?
63|phân khúc giá cao cấp của máy tính bảng hãng Xiaomi gồm những sản phẩm nào?
63|Xiaomi có phân khúc máy tính bảng giá cao cấp không, và bao gồm những điện thoại nào?
63|Những mẫu máy tính bảng nào của hãng Xiaomi có giá cao cấp ?
63|máy tính bảng nào của Xiaomi có giá thành dành cho những người đẳng cấp và nằm trong mức cao cấp hiện nay?
63|Mẫu máy tính bảng nào của Xiaomi phù hợp với ngân sách nằm trong phân khúc cao cấp?
63|Tôi muốn mua một chiếc máy tính bảng với mức giá cao cấp , Xiaomi có những lựa chọn nào?
63|Đâu là những chiếc máy tính bảng của Xiaomi vẫn đáng mua với giá cao cấp ?
63|Mua máy tính bảng nào của Xiaomi vừa dành cho những người dùng ở phân khúc cao cấp vừa cho trải nghiệm vượt trội?
63|trên 20 triệu đồng thì tôi có thể mua máy tính bảng Xiaomi nào cao cấp của hãng Xiaomi?
63|Tôi nên chọn mẫu máy tính bảng nào cao cấp của Xiaomi nếu tôi có trên 20 triệu đồng?
63|trên 20 triệu đồng thì tôi có thể mua máy tính bảng nào của hãng Xiaomi với mức giá phân khúc cao cấp ?
63|Tôi nên chọn mẫu máy tính bảng nào trong phân khúc cao cấp của Xiaomi nếu tôi có trên 20 triệu đồng?
63|trên 20 triệu đồng, tôi có thể mua được những sản phẩm máy tính bảng nào của hãng Xiaomi?
63|Đâu là những mẫu máy tính bảng của Xiaomi phù hợp ở phân khúc cao cấp ?
63|Mẫu máy tính bảng nào của Xiaomi có thiết kế mới, sang trọng nhất và có mức giá ở phân khúc cao cấp ?
63|Tôi muốn tìm một chiếc máy tính bảng của hãng Xiaomi giá nằm trong phân khúc cao cấp để làm quà tặng, có gợi ý nào không?
63|với mức giá cao cấp thì người mua có thể sở hữu được chiếc máy tính bảng nào của hãng Xiaomi?
64|Giá bán lẻ đề nghị của các mẫu máy tính bảng Lenovo tại Việt Nam là bao nhiêu?
64|Các mẫu máy tính bảng Lenovo nào hiện đang được sản xuất và bán tại Việt Nam?
64|Các sản phẩm máy tính bảng Lenovo đang được sản xuất và bán lẻ trên thị trường Việt Nam là gì?
64|Các sản phẩm máy tính bảng của hãng Lenovo đang được sản xuất và bán lẻ trên thị trường Việt Nam là gì?
64|Thông tin về các sản phẩm máy tính bảng của Lenovo chính hãng?
64|Thông tin về các sản phẩm máy tính bảng Lenovo chính hãng?
64|Ngoài Lenovo Tab M9, còn mẫu máy tính bảng của hãng Lenovo nào khác đang được bán chính hãng tại Việt Nam?
64|Ngoài Lenovo Tab M9, còn mẫu máy tính bảng Lenovo nào khác đang được bán chính hãng tại Việt Nam?
64|Ngoài Lenovo Tab M10, còn mẫu máy tính bảng của hãng Lenovo nào khác đang được bán chính hãng tại Việt Nam?
64|Ngoài Lenovo Tab M10, còn mẫu máy tính bảng Lenovo nào khác đang được bán chính hãng tại Việt Nam?
64|Ngoài Lenovo Tab M11, còn mẫu máy tính bảng của hãng Lenovo nào khác đang được bán chính hãng tại Việt Nam?
64|Ngoài Lenovo Tab M11, còn mẫu máy tính bảng Lenovo nào khác đang được bán chính hãng tại Việt Nam?
64|Có sự khác biệt nào về giá bán giữa các phiên bản máy tính bảng Lenovo?
64|Có sự khác biệt nào về giá bán giữa các phiên bản máy tính bảng của hãng Lenovo?
64|Giá bán hiện tại của các mẫu máy tính bảng của hãng Lenovo trên thị trường là bao nhiêu?
64|Giá bán hiện tại của các mẫu máy tính bảng Lenovo trên thị trường là bao nhiêu?
64|Thông tin về giá bán của những dòng điện thoại hãng Lenovo trên thị trường hiện nay?
64|Thông tin về giá bán của những dòng máy tính bảng Lenovo trên thị trường hiện nay?
64|Giá bán của các dòng máy tính bảng Lenovo trên thị trường hiện nay như thế nào?
65|phân khúc giá rẻ phổ thông của máy tính bảng hãng Lenovo gồm những sản phẩm nào?
65|Lenovo có phân khúc máy tính bảng giá rẻ không, và bao gồm những điện thoại nào?
65|Những mẫu máy tính bảng nào của hãng Lenovo có giá rẻ?
65|máy tính bảng nào của Lenovo có giá thành phải chăng nhất hiện nay?
65|Mẫu máy tính bảng nào của Lenovo phù hợp với ngân sách hạn hẹp?
65|Tôi muốn mua một chiếc máy tính bảng giá rẻ, Lenovo có những lựa chọn nào?
65|Đâu là những chiếc máy tính bảng của Lenovo vẫn đáng mua với giá rẻ?
65|Mua máy tính bảng nào của Lenovo vừa tiết kiệm chi phí vừa đáp ứng nhu cầu cơ bản?
65|Với 5 triệu đồng thì tôi có thể mua máy tính bảng nào của hãng Lenovo?
65|Tôi nên chọn mẫu máy tính bảng nào của Lenovo nếu tôi chỉ có khoảng 5 triệu đồng?
65|Với 10 triệu đồng thì tôi có thể mua máy tính bảng nào của hãng Lenovo?
65|Tôi nên chọn mẫu máy tính bảng nào của Lenovo nếu tôi chỉ có khoảng 10 triệu đồng?
65|dưới 10 triệu đồng, tôi có thể mua được những sản phẩm máy tính bảng Lenovo nào?
65|Đâu là những mẫu máy tính bảng của Lenovo phù hợp với học sinh, sinh viên?
65|Mẫu máy tính bảng nào của Lenovo có thiết kế đẹp nhưng giá thành lại rẻ?
65|Tôi muốn tìm một chiếc máy tính bảng của hãng Lenovo giá rẻ để làm quà tặng, có gợi ý nào không?
65|với mức giá rẻ thì người mua có thể sở hữu được chiếc máy tính bảng nào của hãng Lenovo?
66|phân khúc giá tầm trung của máy tính bảng hãng Lenovo gồm những sản phẩm nào?
66|Lenovo có phân khúc máy tính bảng giá tầm trung không, và bao gồm những điện thoại nào?
66|Những mẫu máy tính bảng nào của hãng Lenovo có giá tầm trung ?
66|máy tính bảng nào của Lenovo có giá thành phải chăng nhất và nằm trong tầm trung hiện nay?
66|Mẫu máy tính bảng nào của Lenovo phù hợp với ngân sách vừa đủ và trung bình?
66|Tôi muốn mua một chiếc máy tính bảng giá tầm trung, Lenovo có những lựa chọn nào?
66|Đâu là những chiếc máy tính bảng của Lenovo vẫn đáng mua với giá tầm trung?
66|Mua máy tính bảng nào của Lenovo vừa phù hợp với túi tiền vừa đáp ứng nhu cầu tầm trung?
66|với khoảng 10 triệu đồng thì tôi có thể mua máy tính bảng nào tầm trung của hãng Lenovo?
66|Tôi nên chọn mẫu máy tính bảng nào tầm trung của Lenovo nếu tôi chỉ có khoảng 10 triệu đồng?
66|dưới 20 triệu đồng thì tôi có thể mua máy tính bảng nào của hãng Lenovo với mức giá tầm trung?
66|Tôi nên chọn mẫu máy tính bảng nào với giá thành trong tầm trung của Lenovo nếu tôi chỉ có khoảng dưới 20 triệu đồng?
66|dưới 20 triệu đồng, tôi có thể mua được những sản phẩm Lenovo Tab nào?
66|Đâu là những mẫu máy tính bảng của Lenovo phù hợp với học sinh, sinh viên ở phân khúc tầm trung?
66|Mẫu máy tính bảng nào của Lenovo có thiết kế đẹp nhưng giá thành nằm trong khoảng tầm trung ?
66|Tôi muốn tìm một chiếc máy tính bảng của hãng Lenovo giá nằm trong phân khúc tầm trung để làm quà tặng, có gợi ý nào không?
66|với mức giá tầm trung thì người mua có thể sở hữu được chiếc máy tính bảng nào của hãng Lenovo?
67|phân khúc giá cao cấp của máy tính bảng hãng Lenovo gồm những sản phẩm nào?
67|Lenovo có phân khúc máy tính bảng giá cao cấp không, và bao gồm những điện thoại nào?
67|Những mẫu máy tính bảng nào của hãng Lenovo có giá cao cấp ?
67|máy tính bảng nào của Lenovo có giá thành dành cho những người đẳng cấp và nằm trong mức cao cấp hiện nay?
67|Mẫu máy tính bảng nào của Lenovo phù hợp với ngân sách nằm trong phân khúc cao cấp?
67|Tôi muốn mua một chiếc máy tính bảng với mức giá cao cấp , Lenovo có những lựa chọn nào?
67|Đâu là những chiếc máy tính bảng của Lenovo vẫn đáng mua với giá cao cấp ?
67|Mua máy tính bảng nào của Lenovo vừa dành cho những người dùng ở phân khúc cao cấp vừa cho trải nghiệm vượt trội?
67|trên 20 triệu đồng thì tôi có thể mua máy tính bảng Lenovo nào cao cấp của hãng Xiaomi?
67|Tôi nên chọn mẫu máy tính bảng nào cao cấp của Lenovo nếu tôi có trên 20 triệu đồng?
67|trên 20 triệu đồng thì tôi có thể mua máy tính bảng nào của hãng Lenovo với mức giá phân khúc cao cấp ?
67|Tôi nên chọn mẫu máy tính bảng nào trong phân khúc cao cấp của Lenovo nếu tôi có trên 20 triệu đồng?
67|trên 20 triệu đồng, tôi có thể mua được những sản phẩm máy tính bảng nào của hãng Lenovo?
67|Đâu là những mẫu máy tính bảng của Lenovo phù hợp ở phân khúc cao cấp ?
67|Mẫu máy tính bảng nào của Lenovo có thiết kế mới, sang trọng nhất và có mức giá ở phân khúc cao cấp ?
67|Tôi muốn tìm một chiếc máy tính bảng của hãng Lenovo giá nằm trong phân khúc cao cấp để làm quà tặng, có gợi ý nào không?
67|với mức giá cao cấp thì người mua có thể sở hữu được chiếc máy tính bảng nào của hãng Lenovo?
68|Cấu hình chi tiết của chiếc điện thoạ iPhone SE như thế nào?
68|iPhone SE có những thông số kỹ thuật gì nổi bật?
68|Điện thoại iPhone SE có những thông số kỹ thuật nào đáng chú ý?
68|iPhone SE sở hữu những thông số kỹ thuật gì ấn tượng?
68|iPhone SE có những thông số kỹ thuật gì khác biệt?
68|iPhone SE được trang bị những thông số kỹ thuật nào?
68|iPhone SE có những thông số kỹ thuật gì nổi trội?
68|Điện thoại iPhone SE có thông số kỹ thuật như thế nào?
68| iPhone SE sở hữu những thông số kỹ thuật gì đáng giá?
68|Thông tin chi tiết về cấu hình của điện thoại iPhone SE là gì?
68|Điện thoại iPhone SE có những thông số kỹ thuật nào hấp dẫn?
68|iPhone SE có những tính năng và thông số nào?
68|Chiếc điện thoại iPhone SE có cấu hình như thế nào?
68|Thông tin chi tiết về phần cứng của iPhone SE là gì?
68|iPhone SE được trang bị bộ vi xử lý gì và dung lượng RAM bao nhiêu?
68|Màn hình của iPhone SE có kích thước và độ phân giải là bao nhiêu?
68|Camera của iPhone SE có độ phân giải bao nhiêu megapixel và có những tính năng chụp ảnh nào?
68|Dung lượng pin của iPhone SE là bao nhiêu và có hỗ trợ sạc nhanh không?
68|iPhone SE có khả năng chống nước và chống bụi không?
68|Những phiên bản màu sắc nào có sẵn cho iPhone SE?
69|Cấu hình chi tiết của chiếc điện thoạ iPhone 13 như thế nào?
69|iPhone 13 có những thông số kỹ thuật gì nổi bật?
69|Điện thoại iPhone 13 có những thông số kỹ thuật nào đáng chú ý?
69|iPhone 13 sở hữu những thông số kỹ thuật gì ấn tượng?
69|iPhone 13 có những thông số kỹ thuật gì khác biệt?
69|iPhone 13 được trang bị những thông số kỹ thuật nào?
69|iPhone 13 có những thông số kỹ thuật gì nổi trội?
69|Điện thoại iPhone 13 có thông số kỹ thuật như thế nào?
69| iPhone 13 sở hữu những thông số kỹ thuật gì đáng giá?
69|Thông tin chi tiết về cấu hình của điện thoại iPhone 13 là gì?
69|Điện thoại iPhone 13 có những thông số kỹ thuật nào hấp dẫn?
69|iPhone 13 có những tính năng và thông số nào?
69|Cấu hình chi tiết của iPhone 13 như thế nào?
69|Thông tin phần cứng của iPhone 13 là gì?
69|Bộ vi xử lý và RAM của iPhone 13 là gì?
69|Màn hình iPhone 13 có kích thước và độ phân giải bao nhiêu?
69|Camera của iPhone 13 có độ phân giải bao nhiêu và có những tính năng gì đặc biệt?
69|iPhone 13 có cấu hình như thế nào?
69|Thông số kỹ thuật của iPhone 13 là gì?
69|Chi tiết phần cứng của iPhone 13 gồm những gì?
69|iPhone 13 sử dụng chip gì và có bao nhiêu RAM?
69|Màn hình của iPhone 13 có độ phân giải và kích thước bao nhiêu?
69|Camera sau của iPhone 13 có bao nhiêu megapixel và có những tính năng gì?
69|iPhone 13 có những tính năng kỹ thuật nào nổi bật nhất?
69|Điểm mạnh về thông số của iPhone 13 là gì?
69|Những thông số kỹ thuật nào của iPhone 13 đáng để quan tâm?
69|iPhone 13 có những cải tiến đáng kể nào về mặt kỹ thuật so với các phiên bản trước?
69|So với các đối thủ, iPhone 13 có những ưu điểm gì về thông số kỹ thuật?
70|iPhone 14 Plus có những tính năng và thông số kỹ thuật nào?
70|Chiếc điện thoại iPhone 14 Plus có cấu hình ra sao?
70|Bạn có thể cho tôi biết thông tin chi tiết về iPhone 14 Plus được không?
70|iPhone 14 Plus sở hữu những thông số kỹ thuật nổi bật nào?
70|Tôi muốn tìm hiểu về các thông số kỹ thuật của iPhone 14 Plus, bạn có thể cung cấp không?
70|Những điểm nổi bật về mặt kỹ thuật của iPhone 14 Plus là gì?
70|Điện thoại iPhone 14 Plus có những thông số nào đáng chú ý?
70|Bạn có thể liệt kê các thông số kỹ thuật của iPhone 14 Plus cho tôi được không?
70|Tôi quan tâm đến việc tìm hiểu chi tiết về cấu hình của iPhone 14 Plus.
70|Bạn có thể cho tôi biết thông số kỹ thuật đầy đủ của iPhone 14 Plus không?
70|Tôi muốn biết về các tính năng và thông số của chiếc điện thoại iPhone 14 Plus.
70|iPhone 14 Plus có những thông số nào về màn hình, camera, và hiệu năng?
70|Chi tiết về cấu hình phần cứng của iPhone 14 Plus là gì?
70|Bạn có thể cung cấp cho tôi bảng thông số kỹ thuật của iPhone 14 Plus không?
70|Bạn có thể mô tả chi tiết về cấu hình của iPhone 14 Plus không?
70|Tôi quan tâm đến việc biết về kích thước, trọng lượng, và các thông số vật lý khác của iPhone 14 Plus.
70|iPhone 14 Plus có gì nổi bật?
70|Thông số kỹ thuật của iPhone 14 Plus là gì?
70|iPhone 14 Plus có những tính năng nào đáng chú ý?
70|Điểm khác biệt giữa iPhone 14 Plus và các phiên bản iPhone 14 khác là gì?
71|iPhone 15 có cấu hình như thế nào?
71|Thông số kỹ thuật của iPhone 15 ra sao?
71|iPhone 15 có những tính năng phần cứng nào nổi bật?
71|Cấu hình chi tiết của iPhone 15 là gì?
71|iPhone 15 được trang bị bộ vi xử lý gì?
71|Dung lượng RAM và bộ nhớ trong của iPhone 15 là bao nhiêu?
71|Màn hình iPhone 15 có kích thước và độ phân giải thế nào?
71|Cấu hình chi tiết của chiếc điện thoạ iPhone 15 như thế nào?
71|iPhone 15 có những thông số kỹ thuật gì nổi bật?
71|Điện thoại iPhone 15 có những thông số kỹ thuật nào đáng chú ý?
71|iPhone 15 sở hữu những thông số kỹ thuật gì ấn tượng?
71|iPhone 15 có những thông số kỹ thuật gì khác biệt?
71|iPhone 15 được trang bị những thông số kỹ thuật nào?
71|iPhone 15 có những thông số kỹ thuật gì nổi trội?
71|iPhone 15 có những điểm nổi bật nào về cấu hình?
71|Những thông số kỹ thuật nào của iPhone 15 đáng chú ý nhất?
71|iPhone 15 được trang bị những công nghệ tiên tiến nào?
71|Đâu là những điểm nhấn đáng chú ý trong thông số kỹ thuật của iPhone 15?
71|iPhone 15 có những tính năng kỹ thuật nào thu hút người dùng?
71|iPhone 15 có những tính năng kỹ thuật nào nổi bật?
71|Đâu là những điểm mạnh về công nghệ của iPhone 15?
71|iPhone 15 được trang bị những công nghệ mới nhất nào?
71|Đâu là những điểm mạnh về cấu hình của iPhone 15?
71|iPhone 15 được trang bị những công nghệ tiên tiến nhất nào?
71|Những thông số nào cho thấy iPhone 15 là một sản phẩm hoàn hảo?
72|iPhone 15 plus có cấu hình như thế nào?
72|Thông số kỹ thuật của iPhone 15 plus ra sao?
72|iPhone 15 plus có những tính năng phần cứng nào nổi bật?
72|Cấu hình chi tiết của iPhone 15 plus là gì?
72|iPhone 15 plus được trang bị bộ vi xử lý gì?
72|Dung lượng RAM và bộ nhớ trong của iPhone 15 plus là bao nhiêu?
72|Màn hình iPhone 15 plus có kích thước và độ phân giải thế nào?
72|Cấu hình chi tiết của chiếc điện thoạ iPhone 15 plus như thế nào?
72|iPhone 15 plus có những thông số kỹ thuật gì nổi bật?
72|Điện thoại iPhone 15 plus có những thông số kỹ thuật nào đáng chú ý?
72|iPhone 15 plus sở hữu những thông số kỹ thuật gì ấn tượng?
72|iPhone 15 plus có những thông số kỹ thuật gì khác biệt?
72|iPhone 15 plus được trang bị những thông số kỹ thuật nào?
72|iPhone 15 plus có những thông số kỹ thuật gì nổi trội?
72|iPhone 15 plus có những điểm nổi bật nào về cấu hình?
72|Những thông số kỹ thuật nào của iPhone 15 plus đáng chú ý nhất?
72|iPhone 15 plus được trang bị những công nghệ tiên tiến nào?
72|Đâu là những điểm nhấn đáng chú ý trong thông số kỹ thuật của iPhone 15 plus?
72|iPhone 15 plus có những tính năng kỹ thuật nào thu hút người dùng?
72|iPhone 15 plus có những tính năng kỹ thuật nào nổi bật?
72|Đâu là những điểm mạnh về công nghệ của iPhone 15 plus?
72|iPhone 15 plus được trang bị những công nghệ mới nhất nào?
72|Đâu là những điểm mạnh về cấu hình của iPhone 15 plus?
72|iPhone 15 plus được trang bị những công nghệ tiên tiến nhất nào?
72|Những thông số nào cho thấy iPhone 15 plus là một sản phẩm hoàn hảo?
73|iPhone 15 pro có cấu hình như thế nào?
73|Thông số kỹ thuật của iPhone 15 pro ra sao?
73|iPhone 15 pro có những tính năng phần cứng nào nổi bật?
73|Cấu hình chi tiết của iPhone 15 pro là gì?
73|iPhone 15 pro được trang bị bộ vi xử lý gì?
73|Dung lượng RAM và bộ nhớ trong của iPhone 15 pro là bao nhiêu?
73|Màn hình iPhone 15 pro có kích thước và độ phân giải thế nào?
73|Cấu hình chi tiết của chiếc điện thoạ iPhone 15 pro như thế nào?
73|iPhone 15 pro có những thông số kỹ thuật gì nổi bật?
73|Điện thoại iPhone 15 pro có những thông số kỹ thuật nào đáng chú ý?
73|iPhone 15 pro sở hữu những thông số kỹ thuật gì ấn tượng?
73|iPhone 15 pro có những thông số kỹ thuật gì khác biệt?
73|iPhone 15 pro được trang bị những thông số kỹ thuật nào?
73|iPhone 15 pro có những thông số kỹ thuật gì nổi trội?
73|iPhone 15 pro có những điểm nổi bật nào về cấu hình?
73|Những thông số kỹ thuật nào của iPhone 15 pro đáng chú ý nhất?
73|iPhone 15 pro được trang bị những công nghệ tiên tiến nào?
73|Đâu là những điểm nhấn đáng chú ý trong thông số kỹ thuật của iPhone 15 pro?
73|iPhone 15 pro có những tính năng kỹ thuật nào thu hút người dùng?
73|iPhone 15 pro có những tính năng kỹ thuật nào nổi bật?
73|Đâu là những điểm mạnh về công nghệ của iPhone 15 pro?
73|iPhone 15 pro được trang bị những công nghệ mới nhất nào?
73|Đâu là những điểm mạnh về cấu hình của iPhone 15 pro?
73|iPhone 15 pro được trang bị những công nghệ tiên tiến nhất nào?
73|Những thông số nào cho thấy iPhone 15 pro là một sản phẩm hoàn hảo?
74|iPhone 15 pro max có cấu hình như thế nào?
74|Thông số kỹ thuật của iPhone 15 pro max ra sao?
74|iPhone 15 pro max có những tính năng phần cứng nào nổi bật?
74|Cấu hình chi tiết của iPhone 15 pro max là gì?
74|iPhone 15 pro max được trang bị bộ vi xử lý gì?
74|Dung lượng RAM và bộ nhớ trong của iPhone 15 pro max là bao nhiêu?
74|Màn hình iPhone 15 pro max có kích thước và độ phân giải thế nào?
74|Cấu hình chi tiết của chiếc điện thoạ iPhone 15 pro max như thế nào?
74|iPhone 15 pro max có những thông số kỹ thuật gì nổi bật?
74|Điện thoại iPhone 15 pro max có những thông số kỹ thuật nào đáng chú ý?
74|iPhone 15 pro max sở hữu những thông số kỹ thuật gì ấn tượng?
74|iPhone 15 pro max có những thông số kỹ thuật gì khác biệt?
74|iPhone 15 pro max được trang bị những thông số kỹ thuật nào?
74|iPhone 15 pro max có những thông số kỹ thuật gì nổi trội?
74|iPhone 15 pro max có những điểm nổi bật nào về cấu hình?
74|Những thông số kỹ thuật nào của iPhone 15 pro max đáng chú ý nhất?
74|iPhone 15 pro max được trang bị những công nghệ tiên tiến nào?
74|Đâu là những điểm nhấn đáng chú ý trong thông số kỹ thuật của iPhone 15 pro max?
74|iPhone 15 pro max có những tính năng kỹ thuật nào thu hút người dùng?
74|iPhone 15 pro max có những tính năng kỹ thuật nào nổi bật?
74|Đâu là những điểm mạnh về công nghệ của iPhone 15 pro max?
74|iPhone 15 pro max được trang bị những công nghệ mới nhất nào?
74|Đâu là những điểm mạnh về cấu hình của iPhone 15 pro max?
74|iPhone 15 pro max được trang bị những công nghệ tiên tiến nhất nào?
74|Những thông số nào cho thấy iPhone 15 pro max là một sản phẩm hoàn hảo?
75|Chiếc Samsung Galaxy M15 5G có cấu hình như thế nào?
75|Samsung Galaxy M15 5G được trang bị những tính năng gì?
75|Thông tin chi tiết về chiếc điện thoại Samsung Galaxy M15 5G là gì?
75|Bạn có thể cung cấp cho tôi bảng thông số kỹ thuật của Samsung Galaxy M15 5G không?
75|Samsung Galaxy M15 5G có điểm gì nổi bật về cấu hình?
75|Samsung Galaxy M15 5G có những thông số nào đáng chú ý?
75|Chiếc điện thoại Samsung Galaxy M15 5G sở hữu những điểm mạnh gì về phần cứng?
75|Tôi muốn biết chi tiết về cấu hình của chiếc Samsung Galaxy M15 5G.
75|Bạn có thể cho tôi biết cấu hình chi tiết của Samsung Galaxy M15 5G không?
75|Samsung Galaxy M15 5G có những gì về mặt kỹ thuật?
75|Điểm mạnh về cấu hình của Samsung Galaxy M15 5G là gì?
75|Samsung Galaxy M15 5G có những thông số kỹ thuật gì nổi bật?
75|Những thông tin quan trọng về cấu hình của Samsung Galaxy M15 5G là gì?
75|Tôi muốn tìm hiểu về cấu hình chi tiết của Samsung Galaxy M15 5G.
75|Bạn có thể giới thiệu cho tôi về cấu hình của Samsung Galaxy M15 5G không?
75|Samsung Galaxy M15 5G có những tính năng gì về mặt phần cứng?
75|Những thông số kỹ thuật đáng chú ý của Samsung Galaxy M15 5G là gì?
75|Chiếc Samsung Galaxy M15 5G có gì đặc biệt về cấu hình?
75|Tôi muốn biết thêm về cấu hình của Samsung Galaxy M15 5G.
75|Samsung Galaxy M15 5G có những điểm gì nổi bật về phần cứng?
75|Cấu hình của chiếc Samsung Galaxy M15 5G như thế nào?
75|Bạn có thể cung cấp cho tôi thông tin về cấu hình của Samsung Galaxy M15 5G không?
75|Tôi muốn tìm hiểu chi tiết về thông số kỹ thuật của Samsung Galaxy M15 5G.
75|Samsung Galaxy M15 5G có những gì về mặt cấu hình?
75|Những thông tin kỹ thuật quan trọng của Samsung Galaxy M15 5G là gì?
75|Bạn có thể cho tôi biết cấu hình của chiếc Samsung Galaxy M15 5G không?
75|Samsung Galaxy M15 5G có những tính năng gì nổi bật về phần cứng?
76|Cấu hình của Samsung Galaxy A35 5G như thế nào?
76|Samsung Galaxy A35 5G có những tính năng gì?
76|Thông tin chi tiết về chiếc điện thoại Samsung Galaxy A35 5G là gì?
76|Bạn có thể cung cấp cho tôi bảng thông số kỹ thuật của Samsung Galaxy A35 5G không?
76|Samsung Galaxy A35 5G có điểm gì nổi bật về cấu hình?
76|Samsung Galaxy A35 5G có những thông số nào đáng chú ý?
76|Chiếc điện thoại Samsung Galaxy A35 5G sở hữu những điểm mạnh gì về phần cứng?
76|Tôi muốn biết chi tiết về cấu hình của chiếc Samsung Galaxy A35 5G.
76|Bạn có thể cho tôi biết cấu hình chi tiết của Samsung Galaxy A35 5G không?
76|Samsung Galaxy A35 5G có những gì về mặt kỹ thuật?
76|Điểm mạnh về cấu hình của Samsung Galaxy A35 5G là gì?
76|Samsung Galaxy A35 5G có những thông số kỹ thuật gì nổi bật?
76|Những thông tin quan trọng về cấu hình của Samsung Galaxy A35 5G là gì?
76|Tôi muốn tìm hiểu về cấu hình chi tiết của Samsung Galaxy A35 5G.
76|Bạn có thể giới thiệu cho tôi về cấu hình của Samsung Galaxy A35 5G không?
76|Samsung Galaxy A35 5G có những tính năng gì về mặt phần cứng?
76|Những thông số kỹ thuật đáng chú ý của Samsung Galaxy A35 5G là gì?
76|Chiếc Samsung Galaxy A35 5G có gì đặc biệt về cấu hình?
76|Tôi muốn biết thêm về cấu hình của Samsung Galaxy A35 5G.
76|Samsung Galaxy A35 5G có những điểm gì nổi bật về phần cứng?
76|Cấu hình của chiếc Samsung Galaxy A35 5G như thế nào?
76|Bạn có thể cung cấp cho tôi thông tin về cấu hình của Samsung Galaxy A35 5G không?
76|Tôi muốn tìm hiểu chi tiết về thông số kỹ thuật của Samsung Galaxy A35 5G.
76|Samsung Galaxy A35 5G có những gì về mặt cấu hình?
76|Những thông tin kỹ thuật quan trọng của Samsung Galaxy A35 5G là gì?
76|Bạn có thể cho tôi biết cấu hình của chiếc Samsung Galaxy A35 5G không?
76|Samsung Galaxy A35 5G có những tính năng gì nổi bật về phần cứng?
77|Chiếc Samsung Galaxy S23 FE 256GB có những tính năng gì nổi bật?
77|Samsung Galaxy S23 FE 256GB có cấu hình phần cứng như thế nào?
77|Màn hình của Samsung Galaxy S23 FE 256GB có độ phân giải và kích thước bao nhiêu?
77|Điểm mạnh nổi trội của Samsung Galaxy S23 FE 256GB là gì?
77|Samsung Galaxy S23 FE 256GB có những tính năng nào đáng chú ý nhất?
77|Những điểm đặc biệt nào khiến Samsung Galaxy S23 FE 256GB khác biệt?
77|Samsung Galaxy S23 FE 256GB có gì hấp dẫn người dùng?
77|Samsung Galaxy S23 FE 256GB sở hữu những ưu điểm vượt trội nào?
77|Điều gì làm nên sức hút của Samsung Galaxy S23 FE 256GB?
77|Samsung Galaxy S23 FE 256GB có những tính năng nào đáng giá?
77|Những điểm cộng nào của Samsung Galaxy S23 FE 256GB bạn không nên bỏ qua?
77|Samsung Galaxy S23 FE 256GB có những điểm nổi bật nào so với các đối thủ?
77|Samsung Galaxy S23 FE 256GB được trang bị những tính năng gì tiên tiến?
77|Samsung Galaxy S23 FE 256GB có những cải tiến gì đáng kể về tính năng?
77|Tính năng nào của Samsung Galaxy S23 FE 256GB được đánh giá cao nhất?
77|Samsung Galaxy S23 FE 256GB có những tính năng gì thu hút sự chú ý của bạn?
77|Samsung Galaxy S23 FE 256GB có gì đặc biệt để thu hút người dùng?
77|Điểm mạnh về mặt tính năng của Samsung Galaxy S23 FE 256GB là gì?
77|Samsung Galaxy S23 FE 256GB có những tính năng nào vượt trội hơn so với phiên bản trước?
77|Những tính năng nào của Samsung Galaxy S23 FE 256GB khiến bạn ấn tượng?
77|Samsung Galaxy S23 FE 256GB có gì mới mẻ về mặt tính năng?
77|Tính năng nào của Samsung Galaxy S23 FE 256GB khiến bạn muốn sở hữu nó?
77|Samsung Galaxy S23 FE 256GB được tích hợp những công nghệ mới nào?
77|Samsung Galaxy S23 FE 256GB có những tính năng gì đột phá?
77|Samsung Galaxy S23 FE 256GB có những tính năng nào được cải thiện đáng kể?
78|Chiếc Samsung Galaxy S23 FE 128GB có những tính năng gì nổi bật?
78|Samsung Galaxy S23 FE 128GB có cấu hình phần cứng như thế nào?
78|Màn hình của Samsung Galaxy S23 FE 128GB có độ phân giải và kích thước bao nhiêu?
78|Điểm mạnh nổi trội của Samsung Galaxy S23 FE 128GB là gì?
78|Samsung Galaxy S23 FE 128GB có những tính năng nào đáng chú ý nhất?
78|Những điểm đặc biệt nào khiến Samsung Galaxy S23 FE 128GB khác biệt?
78|Samsung Galaxy S23 FE 128GB có gì hấp dẫn người dùng?
78|Samsung Galaxy S23 FE 128GB sở hữu những ưu điểm vượt trội nào?
78|Điều gì làm nên sức hút của Samsung Galaxy S23 FE 128GB?
78|Samsung Galaxy S23 FE 128GB có những tính năng nào đáng giá?
78|Những điểm cộng nào của Samsung Galaxy S23 FE 128GB bạn không nên bỏ qua?
78|Samsung Galaxy S23 FE 128GB có những điểm nổi bật nào so với các đối thủ?
78|Samsung Galaxy S23 FE 128GB được trang bị những tính năng gì tiên tiến?
78|Samsung Galaxy S23 FE 128GB có những cải tiến gì đáng kể về tính năng?
78|Tính năng nào của Samsung Galaxy S23 FE 128GB được đánh giá cao nhất?
78|Samsung Galaxy S23 FE 128GB có những tính năng gì thu hút sự chú ý của bạn?
78|Samsung Galaxy S23 FE 128GB có gì đặc biệt để thu hút người dùng?
78|Điểm mạnh về mặt tính năng của Samsung Galaxy S23 FE 128GB là gì?
78|Samsung Galaxy S23 FE 128GB có những tính năng nào vượt trội hơn so với phiên bản trước?
78|Những tính năng nào của Samsung Galaxy S23 FE 128GB khiến bạn ấn tượng?
78|Samsung Galaxy S23 FE 128GB có gì mới mẻ về mặt tính năng?
78|Tính năng nào của Samsung Galaxy S23 FE 128GB khiến bạn muốn sở hữu nó?
78|Samsung Galaxy S23 FE 128GB được tích hợp những công nghệ mới nào?
78|Samsung Galaxy S23 FE 128GB có những tính năng gì đột phá?
78|Samsung Galaxy S23 FE 128GB có những tính năng nào được cải thiện đáng kể?
79|Samsung Galaxy Z Flip5 có những tính năng nào?
79|Z Flip5 của Samsung có cấu hình như thế nào?
79|Chiếc điện thoại gập mới nhất của Samsung, Galaxy Z Flip5, có gì đặc biệt?
79|Bạn có thể cho tôi biết thông tin chi tiết về Samsung Galaxy Z Flip5 không?
79|Samsung Galaxy Z Flip5 có những điểm nổi bật nào về phần cứng?
79|Những thông số kỹ thuật chính của Samsung Galaxy Z Flip5 là gì?
79|Samsung đã trang bị những gì cho chiếc Galaxy Z Flip5 mới ra mắt?
79|Tôi có thể tìm thấy thông tin về cấu hình của Samsung Galaxy Z Flip5 ở đâu?
79|Bạn có thể liệt kê các thông số kỹ thuật của Samsung Galaxy Z Flip5 cho tôi được không?
79|Samsung Galaxy Z Flip5 có những cải tiến gì so với phiên bản trước?
79|Màn hình của Samsung Galaxy Z Flip5 có kích thước và độ phân giải bao nhiêu?
79|Samsung Galaxy Z Flip5 sử dụng loại chip nào?
79|Bộ nhớ RAM và bộ nhớ trong của Samsung Galaxy Z Flip5 là bao nhiêu?
79|Camera của Samsung Galaxy Z Flip5 có độ phân giải là bao nhiêu megapixel?
79|Dung lượng pin của Samsung Galaxy Z Flip5 là bao nhiêu mAh?
79|Samsung Galaxy Z Flip5 được trang bị những tính năng gì?
79|Z Flip5 có những điểm nổi bật nào về tính năng?
79|Những tính năng nào làm cho Galaxy Z Flip5 trở nên đặc biệt?
79|Z Flip5 có những cải tiến gì về mặt tính năng so với các phiên bản trước?
79|Samsung đã tích hợp những công nghệ mới nào vào Galaxy Z Flip5?
79|Galaxy Z Flip5 mang đến những trải nghiệm mới mẻ nào cho người dùng?
80|Chiếc Samsung Galaxy S24 có những tính năng và thông số nào?
80|Cấu hình của Samsung Galaxy S24 như thế nào?
80|Samsung Galaxy S24 được trang bị những công nghệ gì?
80|Thông tin chi tiết về chiếc điện thoại Samsung Galaxy S24 là gì?
80|Bạn có thể cung cấp cho tôi bảng thông số kỹ thuật của Samsung Galaxy S24 không?
80|Samsung Galaxy S24 có những điểm nổi bật nào về phần cứng?
80|Chiếc điện thoại Samsung Galaxy S24 có gì đặc biệt?
80|Những thông tin quan trọng về Samsung Galaxy S24 là gì?
80|Samsung Galaxy S24 sử dụng chip xử lý gì?
80|Màn hình của Samsung Galaxy S24 có độ phân giải bao nhiêu?
80|Samsung Galaxy S24 được trang bị phần cứng như thế nào?
80|Samsung Galaxy S24 có cấu hình ra sao?
80|Thông số kỹ thuật của Samsung Galaxy S24 là gì?
80|Samsung Galaxy S24 có những tính năng và thông số nào?
80|Bạn có thể cho tôi biết cấu hình chi tiết của Samsung Galaxy S24 không?
80|Samsung Galaxy S24 có những điểm nổi bật nào về phần cứng?
80|Chiếc điện thoại Samsung Galaxy S24 có gì đặc biệt?
80|Những thông tin quan trọng về cấu hình của Samsung Galaxy S24 là gì?
80|Samsung Galaxy S24 có những điểm nổi bật nào về tính năng và cấu hình?
80|Thông số kỹ thuật của Samsung Galaxy S24 như thế nào?
80|Samsung Galaxy S24 được trang bị những công nghệ và tính năng gì?
80|Chiếc điện thoại Samsung Galaxy S24 có những đặc điểm gì nổi bật?
80|Cấu hình chi tiết của Samsung Galaxy S24 ra sao?
80|Samsung Galaxy S24 có những cải tiến gì so với các phiên bản trước?
80|Những tính năng mới nhất của Samsung Galaxy S24 là gì?
80|Samsung Galaxy S24 có gì đặc biệt về thiết kế và cấu hình?
80|Điểm mạnh về mặt kỹ thuật của Samsung Galaxy S24 là gì?
80|Samsung Galaxy S24 có những điểm gì đáng chú ý về tính năng và hiệu năng?
80|Thông tin về cấu hình và tính năng của Samsung Galaxy S24 là gì?
80|Samsung Galaxy S24 sở hữu những công nghệ tiên tiến nào?
80|Những thông số kỹ thuật quan trọng của Samsung Galaxy S24 là gì?
80|Samsung Galaxy S24 có những ưu điểm gì về tính năng và hiệu suất?
80|Đánh giá chi tiết về cấu hình và tính năng của Samsung Galaxy S24 như thế nào?
80|Samsung Galaxy S24 có những điểm gì vượt trội về mặt kỹ thuật?
80|Những tính năng hấp dẫn nhất của Samsung Galaxy S24 là gì?
81|Chiếc Samsung Galaxy S24+ có những tính năng và thông số nào?
81|Cấu hình của Samsung Galaxy S24+ như thế nào?
81|Samsung Galaxy S24+ được trang bị những công nghệ gì?
81|Thông tin chi tiết về chiếc điện thoại Samsung Galaxy S24+ là gì?
81|Bạn có thể cung cấp cho tôi bảng thông số kỹ thuật của Samsung Galaxy S24+ không?
81|Samsung Galaxy S24+ có những điểm nổi bật nào về phần cứng?
81|Chiếc điện thoại Samsung Galaxy S24+ có gì đặc biệt?
81|Những thông tin quan trọng về Samsung Galaxy S24+ là gì?
81|Samsung Galaxy S24+ sử dụng chip xử lý gì?
81|Màn hình của Samsung Galaxy S24+ có độ phân giải bao nhiêu?
81|Samsung Galaxy S24+ được trang bị phần cứng như thế nào?
81|Samsung Galaxy S24+ có cấu hình ra sao?
81|Thông số kỹ thuật của Samsung Galaxy S24+ là gì?
81|Samsung Galaxy S24+ có những tính năng và thông số nào?
81|Bạn có thể cho tôi biết cấu hình chi tiết của Samsung Galaxy S24+ không?
81|Samsung Galaxy S24+ có những điểm nổi bật nào về phần cứng?
81|Chiếc điện thoại Samsung Galaxy S24+ có gì đặc biệt?
81|Những thông tin quan trọng về cấu hình của Samsung Galaxy S24+ là gì?
81|Samsung Galaxy S24+ có những điểm nổi bật nào về tính năng và cấu hình?
81|Thông số kỹ thuật của Samsung Galaxy S24+ như thế nào?
81|Samsung Galaxy S24+ được trang bị những công nghệ và tính năng gì?
81|Chiếc điện thoại Samsung Galaxy S24+ có những đặc điểm gì nổi bật?
81|Cấu hình chi tiết của Samsung Galaxy S24+ ra sao?
81|Samsung Galaxy S24+ có những cải tiến gì so với các phiên bản trước?
81|Những tính năng mới nhất của Samsung Galaxy S24+ là gì?
81|Samsung Galaxy S24+ có gì đặc biệt về thiết kế và cấu hình?
81|Điểm mạnh về mặt kỹ thuật của Samsung Galaxy S24+ là gì?
81|Samsung Galaxy S24+ có những điểm gì đáng chú ý về tính năng và hiệu năng?
81|Thông tin về cấu hình và tính năng của Samsung Galaxy S24+ là gì?
81|Samsung Galaxy S24+ sở hữu những công nghệ tiên tiến nào?
81|Những thông số kỹ thuật quan trọng của Samsung Galaxy S24+ là gì?
81|Samsung Galaxy S24+ có những ưu điểm gì về tính năng và hiệu suất?
81|Đánh giá chi tiết về cấu hình và tính năng của Samsung Galaxy S24+ như thế nào?
81|Samsung Galaxy S24+ có những điểm gì vượt trội về mặt kỹ thuật?
81|Những tính năng hấp dẫn nhất của Samsung Galaxy S24+ là gì?
82|Chiếc Samsung Galaxy S24 Ultra có những tính năng và thông số nào?
82|Cấu hình của Samsung Galaxy S24 Ultra như thế nào?
82|Samsung Galaxy S24 Ultra được trang bị những công nghệ gì?
82|Thông tin chi tiết về chiếc điện thoại Samsung Galaxy S24 Ultra là gì?
82|Bạn có thể cung cấp cho tôi bảng thông số kỹ thuật của Samsung Galaxy S24 Ultra không?
82|Samsung Galaxy S24 Ultra có những điểm nổi bật nào về phần cứng?
82|Chiếc điện thoại Samsung Galaxy S24 Ultra có gì đặc biệt?
82|Những thông tin quan trọng về Samsung Galaxy S24 Ultra là gì?
82|Samsung Galaxy S24 Ultra sử dụng chip xử lý gì?
82|Màn hình của Samsung Galaxy S24 Ultra có độ phân giải bao nhiêu?
82|Samsung Galaxy S24 Ultra được trang bị phần cứng như thế nào?
82|Samsung Galaxy S24 Ultra có cấu hình ra sao?
82|Thông số kỹ thuật của Samsung Galaxy S24 Ultra là gì?
82|Samsung Galaxy S24 Ultra có những tính năng và thông số nào?
82|Bạn có thể cho tôi biết cấu hình chi tiết của Samsung Galaxy S24 Ultra không?
82|Samsung Galaxy S24 Ultra có những điểm nổi bật nào về phần cứng?
82|Chiếc điện thoại Samsung Galaxy S24 Ultra có gì đặc biệt?
82|Những thông tin quan trọng về cấu hình của Samsung Galaxy S24 Ultra là gì?
82|Samsung Galaxy S24 Ultra có những điểm nổi bật nào về tính năng và cấu hình?
82|Thông số kỹ thuật của Samsung Galaxy S24 Ultra như thế nào?
82|Samsung Galaxy S24 Ultra được trang bị những công nghệ và tính năng gì?
82|Chiếc điện thoại Samsung Galaxy S24 Ultra có những đặc điểm gì nổi bật?
82|Cấu hình chi tiết của Samsung Galaxy S24 Ultra ra sao?
82|Samsung Galaxy S24 Ultra có những cải tiến gì so với các phiên bản trước?
82|Những tính năng mới nhất của Samsung Galaxy S24 Ultra là gì?
82|Samsung Galaxy S24 Ultra có gì đặc biệt về thiết kế và cấu hình?
82|Điểm mạnh về mặt kỹ thuật của Samsung Galaxy S24 Ultra là gì?
82|Samsung Galaxy S24 Ultra có những điểm gì đáng chú ý về tính năng và hiệu năng?
82|Thông tin về cấu hình và tính năng của Samsung Galaxy S24 Ultra là gì?
82|Samsung Galaxy S24 Ultra sở hữu những công nghệ tiên tiến nào?
82|Những thông số kỹ thuật quan trọng của Samsung Galaxy S24 Ultra là gì?
82|Samsung Galaxy S24 Ultra có những ưu điểm gì về tính năng và hiệu suất?
82|Đánh giá chi tiết về cấu hình và tính năng của Samsung Galaxy S24 Ultra như thế nào?
82|Samsung Galaxy S24 Ultra có những điểm gì vượt trội về mặt kỹ thuật?
82|Những tính năng hấp dẫn nhất của Samsung Galaxy S24 Ultra là gì?
83|Redmi Note 12 có cấu hình như thế nào?
83|Chiếc điện thoại Redmi Note 12 có những tính năng gì nổi bật?
83|Redmi Note 12 được trang bị bộ vi xử lý gì?
83|Màn hình của Redmi Note 12 có độ phân giải và kích thước ra sao?
83|Camera của Redmi Note 12 có độ phân giải bao nhiêu megapixel?
83|Dung lượng RAM và bộ nhớ trong của Redmi Note 12 là bao nhiêu?
83|Redmi Note 12 có những điểm mạnh gì đáng chú ý?
83|Redmi Note 12 có những điểm gì đặc biệt thu hút người dùng?
83|Những tính năng nào làm nên sự khác biệt của Redmi Note 12?
83|Redmi Note 12 được trang bị những công nghệ tiên tiến nào?
83|Redmi Note 12 có gì nổi trội hơn so với các đối thủ cùng phân khúc?
83|Điểm nhấn công nghệ trên Redmi Note 12 là gì?
83|Redmi Note 12 mang đến những trải nghiệm mới mẻ nào cho người dùng?
83|Những cải tiến đáng giá nào có trên Redmi Note 12?
83|Redmi Note 12 có những tính năng nào được người dùng đánh giá cao?
83|Redmi Note 12 có những tính năng nào khiến nó trở thành lựa chọn tốt?
83|Redmi Note 12 có những điểm mạnh nào khiến người dùng quan tâm?
83|Redmi Note 12 có những điểm đặc biệt nào khiến người dùng chú ý?
83|Redmi Note 12 có những điểm nổi trội nào khiến người dùng yêu thích?
83|Redmi Note 12 có những tính năng nào khiến nó trở nên hấp dẫn?
83|Redmi Note 12 có những tính năng nào khiến nó trở nên đáng giá?
83|Redmi Note 12 có những tính năng nào khiến nó trở nên đáng để sở hữu?
83|Redmi Note 12 có cấu hình như thế nào?
83|Redmi Note 12 được trang bị những gì về mặt kỹ thuật?
83|Chi tiết về thông số kỹ thuật của Redmi Note 12 là gì?
83|Redmi Note 12 có những thông số nào đáng chú ý?
83|Cấu hình chi tiết của Redmi Note 12 ra sao?
83|Redmi Note 12 có những điểm mạnh gì về thông số?
83|Thông tin kỹ thuật của Redmi Note 12 là gì?
83|Redmi Note 12 có những thông số nào nổi bật?
83|Redmi Note 12 sở hữu những thông số kỹ thuật nào?
83|Bảng thông số kỹ thuật của Redmi Note 12 gồm những gì?
83|Redmi Note 12 có cấu hình mạnh mẽ như thế nào?
83|Redmi Note 12 có những thông số nào đáp ứng nhu cầu sử dụng?
83|Những thông số nào của Redmi Note 12 đáng để quan tâm?
83|Redmi Note 12 có những thông số nào vượt trội?
83|Redmi Note 12 có những thông số nào phù hợp với người dùng?
83|Redmi Note 12 có cấu hình chi tiết ra sao?
84|Xiaomi 13 có cấu hình như thế nào?
84|Chiếc điện thoại Xiaomi 13 có những tính năng gì nổi bật?
84|Thông tin chi tiết về Xiaomi 13 là gì?
84|Có thông tin gì về cấu hình chi tiết của Xiaomi 13 không?
84|Xiaomi 13 có gì khác biệt so với các dòng điện thoại trước đó?
84|Xiaomi 13 có những công nghệ mới nào?
84|Bạn có thể cung cấp cho tôi thông tin về thông số kỹ thuật của Xiaomi 13 không?
84|Xiaomi 13 có những tính năng và thông số kỹ thuật nổi bật nào?
84|Thông số kỹ thuật chi tiết của Xiaomi 13 là gì?
84|Bạn có thể cho tôi biết cấu hình của Xiaomi 13 được không?
84|Xiaomi 13 có những điểm mạnh và điểm yếu nào về thông số kỹ thuật?
84|So sánh thông số kỹ thuật của Xiaomi 13 với các điện thoại khác trong cùng phân khúc thì sao?
84|Thông số kỹ thuật của Xiaomi 13 có đáp ứng được nhu cầu sử dụng của tôi không?
84|Xiaomi 13 có những cải tiến gì về thông số kỹ thuật so với các phiên bản trước?
84|Tôi có thể tìm thấy thông tin chi tiết về thông số kỹ thuật của Xiaomi 13 ở đâu?
84|Bạn có thể tóm tắt ngắn gọn về thông số kỹ thuật của Xiaomi 13 không?
84|Xiaomi 13 được trang bị bộ vi xử lý nào và hiệu năng của nó ra sao?
84|Xiaomi 13 có những ưu điểm gì về thông số kỹ thuật so với đối thủ cạnh tranh?
84|Cấu hình của Xiaomi 13 như thế nào?
84|Xiaomi 13 có cấu hình ra sao?
84|Bạn có thể cho tôi biết chi tiết cấu hình của Xiaomi 13 không?
84|Xiaomi 13 được trang bị cấu hình gì?
84|Cấu hình chi tiết của Xiaomi 13 là gì?
84|Xiaomi 13 có cấu hình mạnh không?
84|Cấu hình của Xiaomi 13 có đáp ứng được nhu cầu của tôi không?
84|So với các điện thoại khác, cấu hình của Xiaomi 13 như thế nào?
84|Xiaomi 13 có cấu hình gì nổi bật?
85|Xiaomi 14 có cấu hình như thế nào?
85|Chiếc điện thoại Xiaomi 14 có những tính năng gì nổi bật?
85|Thông tin chi tiết về Xiaomi 14 là gì?
85|Có thông tin gì về cấu hình chi tiết của Xiaomi 14 không?
85|Xiaomi 14 có gì khác biệt so với các dòng điện thoại trước đó?
85|Xiaomi 14 có những công nghệ mới nào?
85|Bạn có thể cung cấp cho tôi thông tin về thông số kỹ thuật của Xiaomi 14 không?
85|Xiaomi 14 có những tính năng và thông số kỹ thuật nổi bật nào?
85|Thông số kỹ thuật chi tiết của Xiaomi 14 là gì?
85|Bạn có thể cho tôi biết cấu hình của Xiaomi 14 được không?
85|Xiaomi 14 có những điểm mạnh và điểm yếu nào về thông số kỹ thuật?
85|So sánh thông số kỹ thuật của Xiaomi 14 với các điện thoại khác trong cùng phân khúc thì sao?
85|Thông số kỹ thuật của Xiaomi 14 có đáp ứng được nhu cầu sử dụng của tôi không?
85|Xiaomi 14 có những cải tiến gì về thông số kỹ thuật so với các phiên bản trước?
85|Tôi có thể tìm thấy thông tin chi tiết về thông số kỹ thuật của Xiaomi 14 ở đâu?
85|Bạn có thể tóm tắt ngắn gọn về thông số kỹ thuật của Xiaomi 14 không?
85|Xiaomi 14 được trang bị bộ vi xử lý nào và hiệu năng của nó ra sao?
85|Xiaomi 14 có những ưu điểm gì về thông số kỹ thuật so với đối thủ cạnh tranh?
85|Cấu hình của Xiaomi 14 như thế nào?
85|Xiaomi 14 có cấu hình ra sao?
85|Bạn có thể cho tôi biết chi tiết cấu hình của Xiaomi 14 không?
85|Xiaomi 14 được trang bị cấu hình gì?
85|Cấu hình chi tiết của Xiaomi 14 là gì?
85|Xiaomi 14 có cấu hình mạnh không?
85|Cấu hình của Xiaomi 14 có đáp ứng được nhu cầu của tôi không?
85|So với các điện thoại khác, cấu hình của Xiaomi 14 như thế nào?
85|Xiaomi 14 có cấu hình gì nổi bật?
86|Xiaomi 14 pro có cấu hình như thế nào?
86|Chiếc điện thoại Xiaomi 14 pro có những tính năng gì nổi bật?
86|Thông tin chi tiết về Xiaomi 14 pro là gì?
86|Có thông tin gì về cấu hình chi tiết của Xiaomi 14 pro không?
86|Xiaomi 14 pro có gì khác biệt so với các dòng điện thoại trước đó?
86|Xiaomi 14 pro có những công nghệ mới nào?
86|Bạn có thể cung cấp cho tôi thông tin về thông số kỹ thuật của Xiaomi 14 pro không?
86|Xiaomi 14 pro có những tính năng và thông số kỹ thuật nổi bật nào?
86|Thông số kỹ thuật chi tiết của Xiaomi 14 pro là gì?
86|Bạn có thể cho tôi biết cấu hình của Xiaomi 14 pro được không?
86|Xiaomi 14 pro có những điểm mạnh và điểm yếu nào về thông số kỹ thuật?
86|So sánh thông số kỹ thuật của Xiaomi 14 pro với các điện thoại khác trong cùng phân khúc thì sao?
86|Thông số kỹ thuật của Xiaomi 14 pro có đáp ứng được nhu cầu sử dụng của tôi không?
86|Xiaomi 14 pro có những cải tiến gì về thông số kỹ thuật so với các phiên bản trước?
86|Tôi có thể tìm thấy thông tin chi tiết về thông số kỹ thuật của Xiaomi 14 pro ở đâu?
86|Bạn có thể tóm tắt ngắn gọn về thông số kỹ thuật của Xiaomi 14 pro không?
86|Xiaomi 14 pro được trang bị bộ vi xử lý nào và hiệu năng của nó ra sao?
86|Xiaomi 14 pro có những ưu điểm gì về thông số kỹ thuật so với đối thủ cạnh tranh?
86|Cấu hình của Xiaomi 14 pro như thế nào?
86|Xiaomi 14 pro có cấu hình ra sao?
86|Bạn có thể cho tôi biết chi tiết cấu hình của Xiaomi 14 pro không?
86|Xiaomi 14 pro được trang bị cấu hình gì?
86|Cấu hình chi tiết của Xiaomi 14 pro là gì?
86|Xiaomi 14 pro có cấu hình mạnh không?
86|Cấu hình của Xiaomi 14 pro có đáp ứng được nhu cầu của tôi không?
86|So với các điện thoại khác, cấu hình của Xiaomi 14 pro như thế nào?
86|Xiaomi 14 pro có cấu hình gì nổi bật?
87|Xiaomi 14 ultra có cấu hình như thế nào?
87|Chiếc điện thoại Xiaomi 14 ultra có những tính năng gì nổi bật?
87|Thông tin chi tiết về Xiaomi 14 ultra là gì?
87|Có thông tin gì về cấu hình chi tiết của Xiaomi 14 ultra không?
87|Xiaomi 14 ultra có gì khác biệt so với các dòng điện thoại trước đó?
87|Xiaomi 14 ultra có những công nghệ mới nào?
87|Bạn có thể cung cấp cho tôi thông tin về thông số kỹ thuật của Xiaomi 14 ultra không?
87|Xiaomi 14 ultra có những tính năng và thông số kỹ thuật nổi bật nào?
87|Thông số kỹ thuật chi tiết của Xiaomi 14 ultra là gì?
87|Bạn có thể cho tôi biết cấu hình của Xiaomi 14 ultra được không?
87|Xiaomi 14 ultra có những điểm mạnh và điểm yếu nào về thông số kỹ thuật?
87|So sánh thông số kỹ thuật của Xiaomi 14 ultra với các điện thoại khác trong cùng phân khúc thì sao?
87|Thông số kỹ thuật của Xiaomi 14 ultra có đáp ứng được nhu cầu sử dụng của tôi không?
87|Xiaomi 14 ultra có những cải tiến gì về thông số kỹ thuật so với các phiên bản trước?
87|Tôi có thể tìm thấy thông tin chi tiết về thông số kỹ thuật của Xiaomi 14 ultra ở đâu?
87|Bạn có thể tóm tắt ngắn gọn về thông số kỹ thuật của Xiaomi 14 ultra không?
87|Xiaomi 14 ultra được trang bị bộ vi xử lý nào và hiệu năng của nó ra sao?
87|Xiaomi 14 ultra có những ưu điểm gì về thông số kỹ thuật so với đối thủ cạnh tranh?
87|Cấu hình của Xiaomi 14 ultra như thế nào?
87|Xiaomi 14 ultra có cấu hình ra sao?
87|Bạn có thể cho tôi biết chi tiết cấu hình của Xiaomi 14 ultra không?
87|Xiaomi 14 ultra được trang bị cấu hình gì?
87|Cấu hình chi tiết của Xiaomi 14 ultra là gì?
87|Xiaomi 14 ultra có cấu hình mạnh không?
87|Cấu hình của Xiaomi 14 ultra có đáp ứng được nhu cầu của tôi không?
87|So với các điện thoại khác, cấu hình của Xiaomi 14 ultra như thế nào?
87|Xiaomi 14 ultra có cấu hình gì nổi bật?
88|Pixel 6a có những tính năng và thông số kỹ thuật gì?
88|Chiếc điện thoại Pixel 6a có cấu hình như thế nào?
88|Bạn có thể cho tôi biết thông tin chi tiết về thông số kỹ thuật của Pixel 6a không?
88|Bạn có thể cho tôi biết chi tiết cấu hình của Pixel 6a không?
88|Thông số kỹ thuật của Pixel 6a là gì?
88|Pixel 6a có cấu hình như thế nào?
88|Bạn có thể liệt kê thông số chi tiết của Pixel 6a không?
88|Cấu hình của Pixel 6a gồm những gì?
88|Pixel 6a có những tính năng và thông số nào đáng chú ý?
88|Thông tin về cấu hình phần cứng của Pixel 6a là gì?
88|Bạn có thể cung cấp cho tôi thông số kỹ thuật đầy đủ của Pixel 6a không?
88|Pixel 6a được trang bị những gì về mặt cấu hình?
88|Chi tiết cấu hình của Pixel 6a bao gồm những gì?
88|Bạn có thể cho tôi biết cấu hình chi tiết của Pixel 6a không?
88|Thông số kỹ thuật của Pixel 6a có gì đặc biệt?
88|Pixel 6a có cấu hình mạnh mẽ không?
88|Cấu hình của Pixel 6a có đáp ứng được nhu cầu sử dụng hàng ngày không?
88|Những thông số kỹ thuật nào làm nên sự khác biệt của Pixel 6a?
88|Pixel 6a có những điểm mạnh và điểm yếu nào về cấu hình?
88|So sánh cấu hình của Pixel 6a với các điện thoại khác trong cùng phân khúc thì sao?
88|Pixel 6a có đáng mua không dựa trên cấu hình của nó?
88|Bạn có thể tóm tắt ngắn gọn cấu hình của Pixel 6a không?
88|Pixel 6a có những ưu điểm và nhược điểm gì về cấu hình?
88|Cấu hình của Pixel 6a có phù hợp với nhu cầu của tôi không?
89|Pixel 7a có những tính năng và thông số kỹ thuật gì?
89|Chiếc điện thoại Pixel 7a có cấu hình như thế nào?
89|Bạn có thể cho tôi biết thông tin chi tiết về thông số kỹ thuật của Pixel 7a không?
89|Bạn có thể cho tôi biết chi tiết cấu hình của Pixel 7a không?
89|Thông số kỹ thuật của Pixel 7a là gì?
89|Pixel 7a có cấu hình như thế nào?
89|Bạn có thể liệt kê thông số chi tiết của Pixel 7a không?
89|Cấu hình của Pixel 7a gồm những gì?
89|Pixel 7a có những tính năng và thông số nào đáng chú ý?
89|Thông tin về cấu hình phần cứng của Pixel 7a là gì?
89|Bạn có thể cung cấp cho tôi thông số kỹ thuật đầy đủ của Pixel 7a không?
89|Pixel 7a được trang bị những gì về mặt cấu hình?
89|Chi tiết cấu hình của Pixel 7a bao gồm những gì?
89|Bạn có thể cho tôi biết cấu hình chi tiết của Pixel 7a không?
89|Thông số kỹ thuật của Pixel 7a có gì đặc biệt?
89|Pixel 7a có cấu hình mạnh mẽ không?
89|Cấu hình của Pixel 7a có đáp ứng được nhu cầu sử dụng hàng ngày không?
89|Những thông số kỹ thuật nào làm nên sự khác biệt của Pixel 7a?
89|Pixel 7a có những điểm mạnh và điểm yếu nào về cấu hình?
89|So sánh cấu hình của Pixel 7a với các điện thoại khác trong cùng phân khúc thì sao?
89|Pixel 7a có đáng mua không dựa trên cấu hình của nó?
89|Bạn có thể tóm tắt ngắn gọn cấu hình của Pixel 7a không?
89|Pixel 7a có những ưu điểm và nhược điểm gì về cấu hình?
89|Cấu hình của Pixel 7a có phù hợp với nhu cầu của tôi không?
90|Pixel 7 có những tính năng và thông số kỹ thuật gì?
90|Chiếc điện thoại Pixel 7 có cấu hình như thế nào?
90|Bạn có thể cho tôi biết thông tin chi tiết về thông số kỹ thuật của Pixel 7 không?
90|Bạn có thể cho tôi biết chi tiết cấu hình của Pixel 7 không?
90|Thông số kỹ thuật của Pixel 7 là gì?
90|Pixel 7 có cấu hình như thế nào?
90|Bạn có thể liệt kê thông số chi tiết của Pixel 7 không?
90|Cấu hình của Pixel 7 gồm những gì?
90|Pixel 7 có những tính năng và thông số nào đáng chú ý?
90|Thông tin về cấu hình phần cứng của Pixel 7 là gì?
90|Bạn có thể cung cấp cho tôi thông số kỹ thuật đầy đủ của Pixel 7 không?
90|Pixel 7 được trang bị những gì về mặt cấu hình?
90|Chi tiết cấu hình của Pixel 7 bao gồm những gì?
90|Bạn có thể cho tôi biết cấu hình chi tiết của Pixel 7 không?
90|Thông số kỹ thuật của Pixel 7 có gì đặc biệt?
90|Pixel 7 có cấu hình mạnh mẽ không?
90|Cấu hình của Pixel 7 có đáp ứng được nhu cầu sử dụng hàng ngày không?
90|Những thông số kỹ thuật nào làm nên sự khác biệt của Pixel 7?
90|Pixel 7 có những điểm mạnh và điểm yếu nào về cấu hình?
90|So sánh cấu hình của Pixel 7 với các điện thoại khác trong cùng phân khúc thì sao?
90|Pixel 7 có đáng mua không dựa trên cấu hình của nó?
90|Bạn có thể tóm tắt ngắn gọn cấu hình của Pixel 7 không?
90|Pixel 7 có những ưu điểm và nhược điểm gì về cấu hình?
90|Cấu hình của Pixel 7 có phù hợp với nhu cầu của tôi không?
91|Pixel 7 Pro có những tính năng và thông số kỹ thuật gì?
91|Chiếc điện thoại Pixel 7 Pro có cấu hình như thế nào?
91|Bạn có thể cho tôi biết thông tin chi tiết về thông số kỹ thuật của Pixel 7 Pro không?
91|Bạn có thể cho tôi biết chi tiết cấu hình của Pixel 7 Pro không?
91|Thông số kỹ thuật của Pixel 7 Pro là gì?
91|Pixel 7 Pro có cấu hình như thế nào?
91|Bạn có thể liệt kê thông số chi tiết của Pixel 7 Pro không?
91|Cấu hình của Pixel 7 Pro gồm những gì?
91|Pixel 7 Pro có những tính năng và thông số nào đáng chú ý?
91|Thông tin về cấu hình phần cứng của Pixel 7 Pro là gì?
91|Bạn có thể cung cấp cho tôi thông số kỹ thuật đầy đủ của Pixel 7 Pro không?
91|Pixel 7 Pro được trang bị những gì về mặt cấu hình?
91|Chi tiết cấu hình của Pixel 7 Pro bao gồm những gì?
91|Bạn có thể cho tôi biết cấu hình chi tiết của Pixel 7 Pro không?
91|Thông số kỹ thuật của Pixel 7 Pro có gì đặc biệt?
91|Pixel 7 Pro có cấu hình mạnh mẽ không?
91|Cấu hình của Pixel 7 Pro có đáp ứng được nhu cầu sử dụng hàng ngày không?
91|Những thông số kỹ thuật nào làm nên sự khác biệt của Pixel 7 Pro?
91|Pixel 7 Pro có những điểm mạnh và điểm yếu nào về cấu hình?
91|So sánh cấu hình của Pixel 7 Pro với các điện thoại khác trong cùng phân khúc thì sao?
91|Pixel 7 Pro có đáng mua không dựa trên cấu hình của nó?
91|Bạn có thể tóm tắt ngắn gọn cấu hình của Pixel 7 Pro không?
91|Pixel 7 Pro có những ưu điểm và nhược điểm gì về cấu hình?
91|Cấu hình của Pixel 7 Pro có phù hợp với nhu cầu của tôi không?
92|iPad thế hệ thứ 10 có những thông số kỹ thuật nào nổi bật?
92|Thông số kỹ thuật của iPad thế hệ thứ 10 là gì?
92|Bạn có thể cung cấp cho tôi thông tin chi tiết về thông số kỹ thuật của iPad thế hệ thứ 10 không?
92|Chiếc máy tính bảng iPad (thế hệ thứ 10) có những thông số kỹ thuật nào?
92|Thông số kỹ thuật của chiếc máy tính bảng iPad (thế hệ thứ 10) là gì?
92|Bạn có thể cung cấp cho tôi thông tin chi tiết về thông số kỹ thuật của chiếc máy tính bảng iPad (thế hệ thứ 10) không?
92|Chiếc máy tính bảng iPad (thế hệ thứ 10) có màn hình loại nào và kích thước bao nhiêu?
92|Bộ vi xử lý của chiếc máy tính bảng iPad (thế hệ thứ 10) là gì?
92|iPad thế hệ thứ 10 có những điểm mạnh về cấu hình nào?
92|Những tính năng kỹ thuật nào làm iPad thế hệ thứ 10 trở nên đáng chú ý?
92|Thông số kỹ thuật nào của iPad thế hệ thứ 10 là ấn tượng nhất?
92|iPad thế hệ thứ 10 có những nâng cấp đáng giá nào về phần cứng?
92|So với các thế hệ trước, iPad thế hệ thứ 10 có những cải tiến nổi bật nào về thông số?
92|Những điểm nào trong bảng thông số kỹ thuật của iPad thế hệ thứ 10 thu hút người dùng?
92|iPad thế hệ thứ 10 có điểm gì vượt trội về mặt kỹ thuật so với đối thủ?
92|Trong các thông số kỹ thuật của iPad thế hệ thứ 10, điểm nào tạo nên sự khác biệt lớn nhất?
92|Những thông tin kỹ thuật nào về iPad thế hệ thứ 10 khiến người dùng quan tâm nhất?
92|iPad thế hệ thứ 10 sở hữu những thông số kỹ thuật cao cấp nào?
92|Điểm nổi bật trong cấu hình của iPad thế hệ thứ 10 là gì?
92|Những thông số kỹ thuật nào của iPad thế hệ thứ 10 đáng để nâng cấp?
92|iPad thế hệ thứ 10 có những thông số kỹ thuật nào đáng chú ý nhất?
92|iPad thế hệ thứ 10 được trang bị những công nghệ tiên tiến nào?
93|iPad Air thế hệ thứ 5 có những thông số kỹ thuật nào nổi bật?
93|iPad Air 5 có những tính năng kỹ thuật nào?
93|iPad Air thế hệ thứ 5 có cấu hình ra sao?
93|Chiếc iPad Air mới nhất có thông số kỹ thuật gì?
93|iPad Air 5 được trang bị những công nghệ nào?
93|Những điểm nổi bật về mặt kỹ thuật của iPad Air thế hệ thứ 5 là gì?
93|Điểm mạnh về thông số kỹ thuật của iPad Air thế hệ thứ 5 là gì?
93|iPad Air thế hệ thứ 5 có những tính năng kỹ thuật nào đáng chú ý?
93|Thông số nào làm cho iPad Air thế hệ thứ 5 trở nên đặc biệt?
93|Những thông số kỹ thuật nào của iPad Air thế hệ thứ 5 gây ấn tượng nhất?
93|iPad Air thế hệ thứ 5 có những điểm nổi bật nào về mặt kỹ thuật?
93|Thông số kỹ thuật nào của iPad Air thế hệ thứ 5 thu hút sự chú ý?
93|Đâu là những thông số kỹ thuật quan trọng nhất của iPad Air thế hệ thứ 5?
93|iPad Air thế hệ thứ 5 được trang bị những công nghệ nào đáng chú ý?
93|Những thông số kỹ thuật nào làm nên sức mạnh của iPad Air thế hệ thứ 5?
93|iPad Air thế hệ thứ 5 có những cải tiến gì về mặt kỹ thuật so với thế hệ trước?
93|Những thông số kỹ thuật nào của iPad Air thế hệ thứ 5 đáng để nâng cấp?
93|Những thông số kỹ thuật nào của iPad Air thế hệ thứ 5 đáng giá nhất?
93|Đâu là những thông số kỹ thuật then chốt của iPad Air thế hệ thứ 5?
93|Những thông số kỹ thuật nào của iPad Air thế hệ thứ 5 đáng để đầu tư?
93|Các thông số kỹ thuật của iPad Air thế hệ thứ 5 có gì đặc biệt?
93|Điểm nổi bật về cấu hình của iPad Air thế hệ thứ 5 là gì?
93|iPad Air thế hệ thứ 5 có những điểm mạnh nào về phần cứng?
93|Những nâng cấp về kỹ thuật của iPad Air thế hệ thứ 5 là gì?
93|iPad Air thế hệ thứ 5 có những ưu điểm nào về mặt công nghệ?
93|Những thông số kỹ thuật nào của iPad Air thế hệ thứ 5 đáng để quan tâm?
93|iPad Air thế hệ thứ 5 được trang bị những công nghệ tiên tiến nào?
93|Điểm mạnh về hiệu năng của iPad Air thế hệ thứ 5 là gì?
94|iPad Pro thế hệ thứ 5 có những tính năng và thông số kỹ thuật nào nổi bật?
94|Chi tiết cấu hình của iPad Pro thế hệ thứ 5 như thế nào?
94|iPad Pro thế hệ thứ 5 sử dụng loại chip xử lý nào?
94|iPad Pro thế hệ thứ 5 có những thông số kỹ thuật nào nổi bật?
94|iPad Pro thế hệ thứ 5 có những tính năng kỹ thuật nào đáng chú ý nhất?
94|Những điểm nổi bật về thông số kỹ thuật của iPad Pro thế hệ thứ 5 là gì?
94|iPad Pro thế hệ thứ 5 được trang bị những công nghệ tiên tiến nào?
94|Những cải tiến về phần cứng nào đáng chú ý nhất trên iPad Pro thế hệ thứ 5?
94|iPad Pro thế hệ thứ 5 có những thông số kỹ thuật nào vượt trội so với các thế hệ trước?
94|Những điểm mạnh về hiệu năng của iPad Pro thế hệ thứ 5 là gì?
94|Màn hình của iPad Pro thế hệ thứ 5 có những điểm đặc biệt nào?
94|Thông số kỹ thuật của iPad Pro thế hệ thứ 5 là gì?
94|iPad Pro thế hệ thứ 5 có những tính năng phần cứng nào?
94|iPad Pro thế hệ thứ 5 có cấu hình ra sao?
94|iPad Pro thế hệ thứ 5 được trang bị bộ vi xử lý nào?
94|iPad Pro thế hệ thứ 5 có những thông số kỹ thuật nào?
94|iPad Pro thế hệ thứ 5 được trang bị những gì?
94|Chi tiết cấu hình của iPad Pro thế hệ thứ 5 ra sao?
94|iPad Pro thế hệ thứ 5 có những tính năng phần cứng nào?
94|iPad Pro thế hệ thứ 5 có cấu hình như thế nào?
94|iPad Pro thế hệ thứ 5 được trang bị bộ vi xử lý gì?
95|Cấu hình của Galaxy Tab S9 như thế nào?
95|Chi tiết thông số kỹ thuật của máy tính bảng Galaxy Tab S9 là gì?
95|Samsung Galaxy Tab S9 có những tính năng và thông số nào?
95|Máy tính bảng Galaxy Tab S9 được trang bị những gì?
95|Galaxy Tab S9 có những thông số kỹ thuật gì?
95|Chi tiết cấu hình của Samsung Galaxy Tab S9 là gì?
95|Máy tính bảng Galaxy Tab S9 được trang bị phần cứng như thế nào?
95|Thông số chi tiết về cấu hình của Galaxy Tab S9 là gì?
95|Galaxy Tab S9 có màn hình, bộ vi xử lý và dung lượng lưu trữ ra sao?
95|Những điểm nổi bật về phần cứng của Galaxy Tab S9 là gì?
95|Cấu hình chi tiết của Galaxy Tab S9 như thế nào?
95|Máy tính bảng Galaxy Tab S9 có những thông số kỹ thuật gì nổi bật?
95|Thông số kỹ thuật đầy đủ của Samsung Galaxy Tab S9 là gì?
95|Bạn có thể cung cấp bảng thông số kỹ thuật của Galaxy Tab S9 không?
95|Các chi tiết về cấu hình của Galaxy Tab S9 là gì?
95|Samsung Galaxy Tab S9 có cấu hình như thế nào?
95|Cấu hình chi tiết của máy tính bảng Samsung Galaxy Tab S9 là gì?
95|Thông số kỹ thuật của Samsung Galaxy Tab S9 gồm những gì?
95|Bạn có thể cung cấp thông tin về cấu hình của Samsung Galaxy Tab S9 không?
95|Samsung Galaxy Tab S9 được trang bị những gì về phần cứng?
95|Cấu hình phần cứng của Samsung Galaxy Tab S9 ra sao?
95|Thông số kỹ thuật chi tiết của Samsung Galaxy Tab S9 có gì đặc biệt?
95|Những điểm nổi bật trong cấu hình của Samsung Galaxy Tab S9 là gì?
95|Samsung Galaxy Tab S9 có những thông số kỹ thuật nào đáng chú ý?
96|Cấu hình của Galaxy Tab S9+ như thế nào?
96|Chi tiết thông số kỹ thuật của máy tính bảng Galaxy Tab S9+ là gì?
96|Samsung Galaxy Tab S9+ có những tính năng và thông số nào?
96|Máy tính bảng Galaxy Tab S9+ được trang bị những gì?
96|Galaxy Tab S9+ có những thông số kỹ thuật gì?
96|Chi tiết cấu hình của Samsung Galaxy Tab S9+ là gì?
96|Máy tính bảng Galaxy Tab S9+ được trang bị phần cứng như thế nào?
96|Thông số chi tiết về cấu hình của Galaxy Tab S9+ là gì?
96|Galaxy Tab S9+ có màn hình, bộ vi xử lý và dung lượng lưu trữ ra sao?
96|Những điểm nổi bật về phần cứng của Galaxy Tab S9+ là gì?
96|Cấu hình chi tiết của Galaxy Tab S9+ như thế nào?
96|Máy tính bảng Galaxy Tab S9+ có những thông số kỹ thuật gì nổi bật?
96|Thông số kỹ thuật đầy đủ của Samsung Galaxy Tab S9+ là gì?
96|Bạn có thể cung cấp bảng thông số kỹ thuật của Galaxy Tab S9+ không?
96|Các chi tiết về cấu hình của Galaxy Tab S9+ là gì?
96|Samsung Galaxy Tab S9+ có cấu hình như thế nào?
96|Cấu hình chi tiết của máy tính bảng Samsung Galaxy Tab S9+ là gì?
96|Thông số kỹ thuật của Samsung Galaxy Tab S9+ gồm những gì?
96|Bạn có thể cung cấp thông tin về cấu hình của Samsung Galaxy Tab S9+ không?
96|Samsung Galaxy Tab S9+ được trang bị những gì về phần cứng?
96|Cấu hình phần cứng của Samsung Galaxy Tab S9+ ra sao?
96|Thông số kỹ thuật chi tiết của Samsung Galaxy Tab S9+ có gì đặc biệt?
96|Những điểm nổi bật trong cấu hình của Samsung Galaxy Tab S9+ là gì?
96|Samsung Galaxy Tab S9+ có những thông số kỹ thuật nào đáng chú ý?
97|Cấu hình của Galaxy Tab S9 Ultra như thế nào?
97|Chi tiết thông số kỹ thuật của máy tính bảng Galaxy Tab S9 Ultra là gì?
97|Samsung Galaxy Tab S9 Ultra có những tính năng và thông số nào?
97|Máy tính bảng Galaxy Tab S9 Ultra được trang bị những gì?
97|Galaxy Tab S9 Ultra có những thông số kỹ thuật gì?
97|Chi tiết cấu hình của Samsung Galaxy Tab S9 Ultra là gì?
97|Máy tính bảng Galaxy Tab S9 Ultra được trang bị phần cứng như thế nào?
97|Thông số chi tiết về cấu hình của Galaxy Tab S9 Ultra là gì?
97|Galaxy Tab S9 Ultra có màn hình, bộ vi xử lý và dung lượng lưu trữ ra sao?
97|Những điểm nổi bật về phần cứng của Galaxy Tab S9 Ultra là gì?
97|Cấu hình chi tiết của Galaxy Tab S9 Ultra như thế nào?
97|Máy tính bảng Galaxy Tab S9 Ultra có những thông số kỹ thuật gì nổi bật?
97|Thông số kỹ thuật đầy đủ của Samsung Galaxy Tab S9 Ultra là gì?
97|Bạn có thể cung cấp bảng thông số kỹ thuật của Galaxy Tab S9 Ultra không?
97|Các chi tiết về cấu hình của Galaxy Tab S9 Ultra là gì?
97|Samsung Galaxy Tab S9 Ultra có cấu hình như thế nào?
97|Cấu hình chi tiết của máy tính bảng Samsung Galaxy Tab S9 Ultra là gì?
97|Thông số kỹ thuật của Samsung Galaxy Tab S9 Ultra gồm những gì?
97|Bạn có thể cung cấp thông tin về cấu hình của Samsung Galaxy Tab S9 Ultra không?
97|Samsung Galaxy Tab S9 Ultra được trang bị những gì về phần cứng?
97|Cấu hình phần cứng của Samsung Galaxy Tab S9 Ultra ra sao?
97|Thông số kỹ thuật chi tiết của Samsung Galaxy Tab S9 Ultra có gì đặc biệt?
97|Những điểm nổi bật trong cấu hình của Samsung Galaxy Tab S9 Ultra là gì?
97|Samsung Galaxy Tab S9 Ultra có những thông số kỹ thuật nào đáng chú ý?
98|Máy tính bảng Galaxy Tab S6 Lite có cấu hình như thế nào?
98|Bạn có thể cho tôi biết thông tin chi tiết về máy tính bảng Galaxy Tab S6 Lite không?
98|Thông số kỹ thuật của Galaxy Tab S6 Lite là gì?
98|Galaxy Tab S6 Lite có những tính năng gì nổi bật?
98|Máy tính bảng Galaxy Tab S6 Lite được trang bị những gì?
98|Galaxy Tab S6 Lite có những thông số kỹ thuật gì?
98|Cấu hình chi tiết của Galaxy Tab S6 Lite ra sao?
98|Thông số kỹ thuật của Galaxy Tab S6 Lite là gì?
98|Máy tính bảng Galaxy Tab S6 Lite có những tính năng gì?
98|Cấu hình chi tiết của Galaxy Tab S6 Lite như thế nào?
98|Máy tính bảng Galaxy Tab S6 Lite có mạnh không?
98|Hiệu năng của Galaxy Tab S6 Lite ra sao?
98|Galaxy Tab S6 Lite có đáp ứng tốt nhu cầu sử dụng hàng ngày không?
98|Bạn có thể cho tôi biết thông số kỹ thuật của Samsung Galaxy Tab S9 Ultra không?
98|Samsung Galaxy Tab S9 Ultra có cấu hình như thế nào?
98|Thông tin cấu hình chi tiết của Samsung Galaxy Tab S9 Ultra là gì?
98|Bạn có thể liệt kê các thông số kỹ thuật chính của Samsung Galaxy Tab S9 Ultra không?
98|Samsung Galaxy Tab S9 Ultra có những tính năng phần cứng nổi bật nào?
98|Cấu hình của Samsung Galaxy Tab S9 Ultra so với các đối thủ cạnh tranh như thế nào?
99|Xiaomi Pad 6 SE có những tính năng nổi bật nào?
99|Cấu hình chi tiết của Xiaomi Pad 6 SE ra sao?
99|Xiaomi Pad 6 SE có những thông số kỹ thuật nào?
99|Chi tiết cấu hình của Xiaomi Pad 6 SE là gì?
99|Xiaomi Pad 6 SE được trang bị những gì?
99|Xiaomi Pad 6 SE có cấu hình ra sao?
99|Các thông số chi tiết của Xiaomi Pad 6 SE là gì?
99|Xiaomi Pad 6 SE có những đặc điểm kỹ thuật nào?
99|Thông tin cấu hình của Xiaomi Pad 6 SE là gì?
99|Cấu hình phần cứng của Xiaomi Pad 6 SE gồm những gì?
99|Xiaomi Pad 6 SE có những tính năng kỹ thuật nào?
99|Chi tiết về cấu hình của Xiaomi Pad 6 SE là gì?
99|Xiaomi Pad 6 SE có những thông số kỹ thuật nổi bật nào?
99|Thông tin về cấu hình chi tiết của Xiaomi Pad 6 SE là gì?
99|Các thông số kỹ thuật chi tiết của Xiaomi Pad 6 SE là gì?
99|Cấu hình của Xiaomi Pad 6 SE có gì đặc biệt?
99|Chi tiết về phần cứng của Xiaomi Pad 6 SE là gì?
99|Xiaomi Pad 6 SE có cấu hình ấn tượng không?
99|Chi tiết về thông số kỹ thuật của Xiaomi Pad 6 SE là gì?
99|Thông tin về cấu hình phần cứng đầy đủ của Xiaomi Pad 6 SE là gì?
99|Những thông số kỹ thuật cần biết của Xiaomi Pad 6 SE là gì?
100|Xiaomi Pad 6 có cấu hình như thế nào?
100|Thông số kỹ thuật của Xiaomi Pad 6 là gì?
100|Xiaomi Pad 6 được trang bị những gì?
100|Xiaomi Pad 6 có cấu hình ra sao?
100|Các thông số chi tiết của Xiaomi Pad 6 là gì?
100|Xiaomi Pad 6 có những đặc điểm kỹ thuật nào?
100|Thông tin cấu hình của Xiaomi Pad 6 là gì?
100|Cấu hình phần cứng của Xiaomi Pad 6 gồm những gì?
100|Xiaomi Pad 6 có những tính năng kỹ thuật nào?
100|Chi tiết về cấu hình của Xiaomi Pad 6 là gì?
100|Xiaomi Pad 6 có những thông số kỹ thuật nổi bật nào?
100|Thông tin về cấu hình chi tiết của Xiaomi Pad 6 là gì?
100|Những thông số quan trọng của Xiaomi Pad 6 là gì?
100|Xiaomi Pad 6 có cấu hình mạnh mẽ không?
100|Các thông số kỹ thuật chi tiết của Xiaomi Pad 6 là gì?
100|Xiaomi Pad 6 được trang bị những công nghệ nào?
100|Cấu hình của Xiaomi Pad 6 có gì đặc biệt?
100|Chi tiết về phần cứng của Xiaomi Pad 6 là gì?
100|Xiaomi Pad 6 có những tính năng phần cứng nào?
100|Thông tin về cấu hình phần cứng của Xiaomi Pad 6 là gì?
101|Xiaomi Pad 6 Pro có cấu hình như thế nào?
101|Thông số kỹ thuật của Xiaomi Pad 6 Pro là gì?
101|Xiaomi Pad 6 Pro được trang bị những gì?
101|Xiaomi Pad 6 Pro có cấu hình ra sao?
101|Các thông số chi tiết của Xiaomi Pad 6 Pro là gì?
101|Xiaomi Pad 6 Pro có những đặc điểm kỹ thuật nào?
101|Thông tin cấu hình của Xiaomi Pad 6 Pro là gì?
101|Cấu hình phần cứng của Xiaomi Pad 6 Pro gồm những gì?
101|Xiaomi Pad 6 Pro có những tính năng kỹ thuật nào?
101|Chi tiết về cấu hình của Xiaomi Pad 6 Pro là gì?
101|Xiaomi Pad 6 Pro có những thông số kỹ thuật nổi bật nào?
101|Thông tin về cấu hình chi tiết của Xiaomi Pad 6 Pro là gì?
101|Những thông số quan trọng của Xiaomi Pad 6 Pro là gì?
101|Xiaomi Pad 6 Pro có cấu hình mạnh mẽ không?
101|Các thông số kỹ thuật chi tiết của Xiaomi Pad 6 Pro là gì?
101|Xiaomi Pad 6 Pro được trang bị những công nghệ nào?
101|Cấu hình của Xiaomi Pad 6 Pro có gì đặc biệt?
101|Chi tiết về phần cứng của Xiaomi Pad 6 Pro là gì?
101|Xiaomi Pad 6 Pro có những tính năng phần cứng nào?
101|Thông tin về cấu hình phần cứng của Xiaomi Pad 6 Pro là gì?
102|Xiaomi Pad 6 Max có cấu hình ấn tượng không?
102|Các thông số kỹ thuật nổi bật của Xiaomi Pad 6 Max là gì?
102|Xiaomi Pad 6 Max được trang bị những gì về phần cứng?
102|Cấu hình của Xiaomi Pad 6 Max có đáp ứng được nhu cầu sử dụng không?
102|Chi tiết về thông số kỹ thuật của Xiaomi Pad 6 Max là gì?
102|Xiaomi Pad 6 Max có những điểm mạnh về cấu hình không?
102|Thông tin về cấu hình phần cứng chi tiết của Xiaomi Pad 6 Max là gì?
102|Những thông số kỹ thuật đáng chú ý của Xiaomi Pad 6 Max là gì?
102|Xiaomi Pad 6 Max có cấu hình như thế nào?
102|Thông số kỹ thuật của Xiaomi Pad 6 Max là gì?
102|Xiaomi Pad 6 Max được trang bị những gì?
102|Xiaomi Pad 6 Max có cấu hình ra sao?
102|Các thông số chi tiết của Xiaomi Pad 6 Max là gì?
102|Xiaomi Pad 6 Max có những đặc điểm kỹ thuật nào?
102|Thông tin cấu hình của Xiaomi Pad 6 Max là gì?
102|Cấu hình phần cứng của Xiaomi Pad 6 Max gồm những gì?
102|Xiaomi Pad 6 Max có những tính năng kỹ thuật nào?
102|Chi tiết về cấu hình của Xiaomi Pad 6 Max là gì?
102|Xiaomi Pad 6 Max có những thông số kỹ thuật nổi bật nào?
102|Thông tin về cấu hình chi tiết của Xiaomi Pad 6 Max là gì?
102|Những thông số quan trọng của Xiaomi Pad 6 Max là gì?
103|Các thông số kỹ thuật cụ thể của Xiaomi Pad 6S Pro là gì?
103|Xiaomi Pad 6S Pro có những điểm nổi bật về cấu hình không?
103|Thông tin về cấu hình phần cứng cụ thể của Xiaomi
103|Các thông số kỹ thuật đầy đủ của Xiaomi Pad 6S Pro là gì?
103|Xiaomi Pad 6S Pro có những điểm đặc biệt về cấu hình không?
103|Thông tin về cấu hình phần cứng đầy đủ của Xiaomi Pad 6S Pro là gì?
103|Những thông số kỹ thuật quan trọng nhất của Xiaomi Pad 6S Pro là gì?
103|Xiaomi Pad 6S Pro có cấu hình tốt hơn so với các đối thủ không?
103|Các thông số kỹ thuật chi tiết nhất của Xiaomi Pad 6S Pro là gì?
103|Xiaomi Pad 6S Pro có những điểm mạnh về phần cứng không?
103|Thông tin về cấu hình chi tiết nhất của Xiaomi Pad 6S Pro là gì?
103|Những thông số kỹ thuật cần biết của Xiaomi Pad 6S Pro là gì?
103|Chi tiết về thông số kỹ thuật của Xiaomi Pad 6S Pro là gì?
103|Xiaomi Pad 6S Pro có những điểm mạnh về cấu hình không?
103|Thông tin về cấu hình phần cứng chi tiết của Xiaomi Pad 6S Pro là gì?
103|Những thông số kỹ thuật đáng chú ý của Xiaomi Pad 6S Pro là gì?
103|Xiaomi Pad 6S Pro có cấu hình ấn tượng không?
103|Các thông số kỹ thuật nổi bật của Xiaomi Pad 6S Pro là gì?
103|Xiaomi Pad 6S Pro được trang bị những gì về phần cứng?
103|Chi tiết về cấu hình của Xiaomi Pad 6S Pro là gì?
104|Lenovo Tab M9 có cấu hình như thế nào?
104|Thông số kỹ thuật của Lenovo Tab M9 là gì?
104|Lenovo Tab M9 được trang bị những gì?
104|Lenovo Tab M9 có cấu hình ra sao?
104|Các thông số chi tiết của Lenovo Tab M9 là gì?
104|Lenovo Tab M9 có những đặc điểm kỹ thuật nào?
104|Thông tin cấu hình của Lenovo Tab M9 là gì?
104|Cấu hình phần cứng của Lenovo Tab M9 gồm những gì?
104|Lenovo Tab M9 có những tính năng kỹ thuật nào?
104|Chi tiết về cấu hình của Lenovo Tab M9 là gì?
104|Lenovo Tab M9 có những thông số kỹ thuật nổi bật nào?
104|Thông tin về cấu hình chi tiết của Lenovo Tab M9 là gì?
104|Những thông số quan trọng của Lenovo Tab M9 là gì?
104|Lenovo Tab M9 có cấu hình mạnh mẽ không?
104|Các thông số kỹ thuật chi tiết của Lenovo Tab M9 là gì?
104|Lenovo Tab M9 được trang bị những công nghệ nào?
104|Cấu hình của Lenovo Tab M9 có gì đặc biệt?
104|Chi tiết về phần cứng của Lenovo Tab M9 là gì?
104|Lenovo Tab M9 có những tính năng phần cứng nào?
104|Thông tin về cấu hình phần cứng của Lenovo Tab M9 là gì?
105|Lenovo Tab M10 có những thông số kỹ thuật nào?
105|Thông số chi tiết của Lenovo Tab M10 là gì?
105|Bạn có thể cung cấp thông tin chi tiết về cấu hình của Lenovo Tab M10 không?
105|Lenovo Tab M10 được trang bị những gì?
105|Các tính năng và thông số kỹ thuật của Lenovo Tab M10 là gì?
105|Lenovo Tab M10 có cấu hình như thế nào?
105|Thông số kỹ thuật đầy đủ của Lenovo Tab M10 là gì?
105|Bạn có thể cho tôi biết chi tiết về phần cứng của Lenovo Tab M10 không?
105|Lenovo Tab M10 sở hữu những thông số kỹ thuật nào?
105|Lenovo Tab M10 được trang bị những gì?
105|Thông tin chi tiết về cấu hình Lenovo Tab M10 là gì?
105|Bạn có thể cung cấp thông tin chi tiết về cấu hình Lenovo Tab M10 không?
105|Các tính năng và thông số kỹ thuật của Lenovo Tab M10 là gì?
105|Lenovo Tab M10 có cấu hình như thế nào?
105|Lenovo Tab M10 có cấu hình như thế nào?
105|Thông số kỹ thuật của Lenovo Tab M10 là gì?
105|Lenovo Tab M10 được trang bị những gì?
105|Lenovo Tab M10 có cấu hình ra sao?
105|Các thông số chi tiết của Lenovo Tab M10 là gì?
105|Thông tin cấu hình của Lenovo Tab M10 là gì?
106|Lenovo Tab M11 sở hữu những thông số kỹ thuật nào?
106|Lenovo Tab M11 được trang bị những gì?
106|Thông tin chi tiết về cấu hình Lenovo Tab M11 là gì?
106|Bạn có thể cung cấp thông tin chi tiết về cấu hình Lenovo Tab M11 không?
106|Các tính năng và thông số kỹ thuật của Lenovo Tab M11 là gì?
106|Lenovo Tab M11 có cấu hình như thế nào?
106|Bạn có thể liệt kê thông số kỹ thuật đầy đủ của Lenovo Tab M11 không?
106|Bạn có thể cho tôi biết chi tiết về phần cứng Lenovo Tab M11 không?
106|Lenovo Tab M11 sở hữu cấu hình như thế nào?
106|Lenovo Tab M11 có cấu hình ra sao?
106|Thông số kỹ thuật của Lenovo Tab M11 là gì?
106|Lenovo Tab M11 được trang bị những gì?
106|Lenovo Tab M11 có cấu hình chi tiết như thế nào?
106|Các thông số kỹ thuật của Lenovo Tab M11 là gì?
106|Lenovo Tab M11 có những đặc điểm kỹ thuật nào?
106|Thông tin cấu hình của Lenovo Tab M11 là gì?
106|Cấu hình phần cứng của Lenovo Tab M11 gồm những gì?
106|Lenovo Tab M11 có những tính năng kỹ thuật nào?
106|Chi tiết về cấu hình của Lenovo Tab M11 là gì?
106|Lenovo Tab M11 có những thông số kỹ thuật nổi bật nào?
106|Các thông số kỹ thuật chi tiết của Lenovo Tab M11 là gì?
1|Hello, xin chào
2|Các loại và mẫu điện thoại nổi bật đang được ưa chuộng hiện nay?
3|Các mẫu điện thoại phân khúc cao cấp nổi bật hiện nay?
4|Các mẫu điện thoại phân khúc tầm trung nổi bật hiện nay?
5|Các mẫu điện thoại phân khúc giá rẻ nổi bật hiện nay?
6|Các mẫu điện thoại iPhone của hãng Apple nổi bật hiện nay?
7|Các mẫu điện thoại của hãng Samsung nổi bật hiện nay?
8|Các mẫu điện thoại của hãng Xiaomi nổi bật hiện nay?
9|Các mẫu điện thoại của hãng Google nổi bật hiện nay?
10|Các loại máy tính bảng được người dùng ưa chuộng hiện nay?
11|Các mãu máy tính bảng phân khúc cao cấp nổi bật hiện nay?
12|Các mẫu máy tính bảng phân khúc tầm trung nổi bật hiện nay?
13|Các mẫu máy tính bảng phân khúc giá rẻ nổi bật hiện nay?
14|Các mẫu máy tính bảng iPad của hãng Apple nổi bật hiện nay?
15|Các mẫu máy tính bảng của hãng Samsung nổi bật hiện nay?
16|Các mẫu máy tính bảng của hãng Xiaomi nổi bật hiện nay?
17|Các mẫu máy tính bảng của hãng Lenovo nổi bật hiện nay?
18|Các mẫu Macbook của hãng Apple nổi bật hiện nay?
19|Các mẫu laptop của hãng Lenovo nổi bật hiện nay?
20|Các mẫu laptop của hãng HP nổi bật hiện nay?
21|Các mẫu laptop của hãng Dell nổi bật hiện nay?
22|Thị trường điện thoại hiện nay có những phân khúc nào nổi bật?
23|Các phân khúc giá điện thoại iPhone của hãng Apple là gì?
24|Các phân khúc giá của điện thoại Samsung là gì?
25|Các phân khúc giá của điện thoại Xiaomi là gì?
26|Các phân khúc giá của điện thoại Google là gì?
27|Liệt kê và giá bán các sản phẩm điện thoại của hãng Apple đang được bán trên thị trường tại Việt Nam?
28|Phân khúc giá rẻ của điện thoại Apple là gì?
29|Phân khúc giá tầm trung của điện thoại Apple là gì?
30|Phân khúc giá cận cao cấp của điện thoại Apple là gì?
31|Phân khúc giá cao cấp của điện thoại Apple là gì?
32|Liệt kê và giá bán các sản phẩm điện thoại của hãng Samsung đang được bán trên thị trường tại Việt Nam?
33|Phân khúc giá rẻ của điện thoại Samsung là gì?
34|Phân khúc giá tầm trung của điện thoại Samsung là gì?
35|Phân khúc giá cận cao cấp của điện thoại Samsung là gì?
36|Phân khúc giá cao cấp của điện thoại Samsung là gì?
37|Liệt kê và giá bán của các sản phẩm điện thoại hãng Xiaomi đang được bán trên thị trường tại Việt Nam?
38|Phân khúc giá rẻ của điện thoại Xiaomi là gì?
39|Phân khúc giá tầm trung của điện thoại Xiaomi là gì?
40|Phân khúc giá cận cao cấp của điện thoại Xiaomi là gì?
41|Phân khúc giá cao cấp của điện thoại Xiaomi là gì?
42|Liệt kê và giá bán của các sản phẩm điện thoại hãng Google đang được bán trên thị trường tại Việt Nam?
43|Phân khúc giá rẻ của điện thoại Google là gì?
44|Phân khúc giá tầm trung của điện thoại Google là gì?
45|Phân khúc giá cận cao cấp của điện thoại Google là gì?
46|Phân khúc giá cao cấp của điện thoại Google là gì?
47|Thị trường máy tính bảng hiện nay có những phân khúc nào nổi bật?
48|Các phân khúc giá của máy tính bảng Apple là gì?
49|Các phân khúc giá của máy tính bảng Samsung là gì?
50|Các phân khúc giá của máy tính bảng Xiaomi là gì?
51|Các phân khúc giá của máy tính bảng Lenovo là gì?
52|Liệt kê các sản phẩm máy tính bảng và giá của hãng Apple đang được bán trên thị trường tại Việt Nam?
53|Phân khúc giá rẻ phổ thông của máy tính bảng Apple là gì?
54|Phân khúc giá tầm trung của máy tính bảng Apple là gì?
55|Phân khúc giá cao cấp của máy tính bảng Apple là gì?
56|Liệt kê các sản phẩm máy tính bảng và giá của hãng Samsung đang được bán trên thị trường tại Việt Nam?
57|Phân khúc giá rẻ phổ thông của máy tính bảng Samsung là gì?
58|Phân khúc giá tầm trung của máy tính bảng Samsung là gì?
59|Phân khúc giá cao cấp của máy tính bảng Samsung là gì?
60|Liệt kê và giá của các sản phẩm máy tính bảng hãng Xiaomi đang được bán trên thị trường tại Việt Nam?
61|Phân khúc giá rẻ phổ thông của máy tính bảng Xiaomi là gì?
62|Phân khúc giá tầm trung của máy tính bảng Xiaomi là gì?
63|Phân khúc giá cao cấp của máy tính bảng Xiaomi là gì?
64|Liệt kê và giá của các sản phẩm máy tính bảng hãng Lenovo đang được bán trên thị trường tại Việt Nam?
65|Phân khúc giá rẻ phổ thông của máy tính bảng Lenovo là gì?
66|Phân khúc giá tầm trung của máy tính bảng Lenovo là gì?
67|Phân khúc giá cao cấp của máy tính bảng Lenovo là gì?
68|Thông số kỹ thuật của chiếc điện thoại iPhone SE là gì?
69|Thông số kỹ thuật của chiếc điện thoại iPhone 13 là gì?
70|Thông số kỹ thuật của chiếc điện thoại iPhone 14 Plus là gì?
71|Thông số kỹ thuật của chiếc điện thoại iPhone 15 là gì?
72|Thông số kỹ thuật của chiếc điện thoại iPhone 15 plus là gì?
73|Thông số kỹ thuật của chiếc điện thoại iPhone 15 pro là gì?
74|Thông số kỹ thuật của chiếc điện thoại iPhone 15 pro max là gì?
75|Thông số kỹ thuật của chiếc điện thoại Samsung Galaxy M15 5G là gì?
76|Thông số kỹ thuật của chiếc điện thoại Samsung Galaxy A35 5G là gì?
77|Thông số kỹ thuật của chiếc điện thoại Samsung Galaxy S23 FE 256GB là gì?
78|Thông số kỹ thuật của chiếc điện thoại Samsung Galaxy S23 FE 128GB là gì?
79|Thông số kỹ thuật của chiếc điện thoại Samsung Galaxy Z Flip5 là gì?
80|Thông số kỹ thuật của chiếc điện thoại Samsung Galaxy S24 là gì?
81|Thông số kỹ thuật của chiếc điện thoại Samsung Galaxy S24+ là gì?
82|Thông số kỹ thuật của chiếc điện thoại Samsung Galaxy S24 Ultra là gì?
83|Thông số kỹ thuật của chiếc điện thoại Redmi Note 12 là gì?
84|Thông số kỹ thuật của chiếc điện thoại Xiaomi 13 là gì?
85|Thông số kỹ thuật của chiếc điện thoại Xiaomi 14 là gì?
86|Thông số kỹ thuật của chiếc điện thoại Xiaomi 14 pro là gì?
87|Thông số kỹ thuật của chiếc điện thoại Xiaomi 14 ultra là gì?
88|Thông số kỹ thuật của chiếc điện thoại Pixel 6a là gì?
89|Thông số kỹ thuật của chiếc điện thoại Pixel 7a là gì?
90|Thông số kỹ thuật của chiếc điện thoại Pixel 7 là gì?
91|Thông số kỹ thuật của chiếc điện thoại Pixel 7 Pro là gì?
92|Thông số kỹ thuật của chiếc máy tính bảng iPad (thế hệ thứ 10) là gì?
93|Thông số kỹ thuật của chiếc máy tính bảng iPad Air thế hệ thứ 5 là gì?
94|Thông số kỹ thuật của chiếc máy tính bảng iPad Pro thế hệ thứ 5 là gì?
95|Thông số kỹ thuật của chiếc máy tính bảng Galaxy Tab s9 là gì?
96|Thông số kỹ thuật của chiếc máy tính bảng Galaxy Tab s9+ là gì?
97|Thông số kỹ thuật của chiếc máy tính bảng Galaxy Tab s9 Ultra là gì?
98|Thông số kỹ thuật của chiếc máy tính bảng Galaxy Tab S6 Lite là gì?
99|Thông số kỹ thuật của chiếc máy tính bảng Xiaomi Pad 6 SE là gì?
100|Thông số kỹ thuật của chiếc máy tính bảng Xiaomi Pad 6 là gì?
101|Thông số kỹ thuật của chiếc máy tính bảng Xiaomi Pad 6 Pro là gì?
102|Thông số kỹ thuật của chiếc máy tính bảng Xiaomi Pad 6 Max là gì?
103|Thông số kỹ thuật của chiếc máy tính bảng Xiaomi Pad 6S Pro là gì?
104|Thông số kỹ thuật của chiếc máy tính bảng Lenovo Tab M9 là gì?
105|Thông số kỹ thuật của chiếc máy tính bảng Lenovo Tab M10 là gì?
106|Thông số kỹ thuật của chiếc máy tính bảng Lenovo Tab M11 là gì?